07.07.2011,14:56:00,937.725,938.228,937.116,10.742,10.738
07.07.2011,14:57:00,906.583,905.798,902.266,10.742,10.738
07.07.2011,15:00:00,883.776,881.544,877.087,10.742,10.738
07.07.2011,16:00:00,562.917,556.475,542.805,10.742,10.739
07.07.2011,17:00:00,374.002,368.274,353.042,10.743,10.739
07.07.2011,18:00:00,249.861,245.001,232.426,10.743,10.739
07.07.2011,19:00:00,167.987,164.898,153.983,10.743,10.739
07.07.2011,20:00:00,119.127,113.718,106.326,10.743,10.739
07.07.2011,21:00:00,83.499,80.470,75.617,10.743,10.739
07.07.2011,22:00:00,62.728,59.813,57.665,10.743,10.739
07.07.2011,23:00:00,48.630,47.814,45.290,10.743,10.739
08.07.2011,00:00:00,39.798,39.258,38.511,10.743,10.739
08.07.2011,01:00:00,35.394,34.689,32.950,10.742,10.739
08.07.2011,02:00:00,30.700,30.359,29.449,10.742,10.739
08.07.2011,03:00:00,27.853,27.966,26.342,10.742,10.739
08.07.2011,04:00:00,26.313,26.267,25.422,10.742,10.739
08.07.2011,05:00:00,25.027,24.354,23.192,10.743,10.739
08.07.2011,06:00:00,22.905,24.291,23.046,10.743,10.739
08.07.2011,07:00:00,22.511,22.663,22.590,10.743,10.739
08.07.2011,08:00:00,22.348,21.774,21.137,10.743,10.739
08.07.2011,08:22:00,20.226,20.331,20.367,-2.489,-2.507
08.07.2011,08:23:00,19.838,20.235,20.351,10.773,10.750
08.07.2011,09:00:00,23.318,23.512,22.897,10.773,10.750
08.07.2011,09:10:00,75.374,117.905,237.239,10.824,10.751
08.07.2011,10:00:00,25.528,25.209,25.143,10.824,10.751
08.07.2011,11:00:00,23.800,22.839,22.150,10.824,10.751
08.07.2011,12:00:00,24.860,23.481,23.874,10.824,10.750
08.07.2011,13:00:00,24.349,23.088,23.042,10.824,10.750
08.07.2011,14:00:00,23.950,23.666,23.008,10.824,10.750
08.07.2011,15:00:00,23.604,23.229,22.672,10.824,10.750
08.07.2011,16:00:00,23.550,22.710,22.430,10.824,10.750
08.07.2011,17:00:00,24.070,23.472,23.149,10.824,10.750
08.07.2011,18:00:00,28.226,26.957,26.731,10.824,10.751
08.07.2011,19:00:00,24.001,24.267,24.053,10.824,10.750
08.07.2011,20:00:00,23.653,23.361,23.070,10.824,10.750
08.07.2011,21:00:00,23.389,23.024,22.806,10.824,10.750
08.07.2011,22:00:00,24.095,22.656,22.577,10.824,10.750
08.07.2011,23:00:00,22.957,22.990,21.932,10.824,10.750
09.07.2011,00:00:00,23.274,22.285,22.641,10.824,10.750
09.07.2011,01:00:00,23.303,22.127,22.308,10.824,10.750
09.07.2011,02:00:00,22.011,22.121,22.060,10.824,10.750
09.07.2011,03:00:00,22.953,22.207,22.304,10.824,10.750
09.07.2011,04:00:00,22.877,22.206,22.129,10.824,10.750
09.07.2011,05:00:00,23.448,22.102,21.792,10.824,10.750
09.07.2011,06:00:00,22.791,21.849,21.759,10.824,10.750
09.07.2011,07:00:00,21.976,22.156,21.456,10.824,10.750
09.07.2011,08:00:00,22.417,21.680,20.971,10.824,10.750
09.07.2011,09:00:00,22.242,22.281,22.114,10.824,10.750
09.07.2011,10:00:00,23.447,22.671,21.599,10.824,10.750
09.07.2011,11:00:00,22.960,22.626,22.827,10.824,10.750
09.07.2011,12:00:00,23.518,22.584,22.316,10.824,10.750
09.07.2011,13:00:00,23.271,22.283,22.964,10.824,10.750
09.07.2011,14:00:00,23.400,22.568,22.277,10.824,10.750
09.07.2011,15:00:00,23.154,22.555,22.152,10.824,10.750
09.07.2011,16:00:00,23.386,22.425,22.022,10.824,10.750
09.07.2011,17:00:00,22.796,22.879,22.591,10.824,10.750
09.07.2011,18:00:00,23.835,24.142,23.237,10.824,10.750
09.07.2011,19:00:00,23.672,23.243,23.525,10.824,10.750
09.07.2011,20:00:00,23.889,23.106,23.289,10.824,10.750
09.07.2011,21:00:00,23.348,23.264,22.297,10.824,10.750
09.07.2011,22:00:00,22.896,22.406,22.180,10.824,10.750
09.07.2011,23:00:00,23.559,22.461,22.367,10.824,10.750
10.07.2011,00:00:00,22.272,21.929,21.628,10.824,10.750
10.07.2011,01:00:00,22.456,21.920,22.951,10.824,10.750
10.07.2011,02:00:00,22.959,22.748,22.417,10.824,10.750
10.07.2011,03:00:00,22.253,21.921,21.673,10.824,10.750
10.07.2011,04:00:00,23.308,22.520,21.938,10.824,10.750
10.07.2011,05:00:00,22.526,22.491,21.726,10.824,10.750
10.07.2011,06:00:00,23.365,22.475,21.907,10.824,10.750
10.07.2011,07:00:00,22.369,22.229,21.872,10.824,10.750
10.07.2011,08:00:00,22.054,22.754,21.981,10.824,10.750
10.07.2011,09:00:00,22.901,22.554,22.119,10.824,10.750
10.07.2011,10:00:00,22.638,22.306,22.332,10.824,10.750
10.07.2011,11:00:00,23.306,22.894,22.286,10.824,10.750
10.07.2011,12:00:00,22.749,22.829,22.196,10.824,10.750
10.07.2011,13:00:00,23.014,21.702,21.779,10.824,10.750
10.07.2011,14:00:00,22.500,23.470,22.306,10.824,10.750
10.07.2011,15:00:00,22.976,23.283,22.573,10.824,10.750
10.07.2011,16:00:00,22.367,21.932,22.397,10.824,10.750
10.07.2011,17:00:00,22.216,21.948,22.298,10.824,10.750
10.07.2011,18:00:00,23.219,22.433,21.801,10.824,10.750
10.07.2011,19:00:00,23.259,23.702,22.754,10.824,10.750
10.07.2011,20:00:00,23.308,22.671,22.360,10.824,10.750
10.07.2011,21:00:00,22.999,23.206,22.225,10.824,10.750
10.07.2011,22:00:00,23.141,22.718,21.942,10.824,10.750
10.07.2011,23:00:00,23.517,22.428,22.037,10.824,10.750
11.07.2011,00:00:00,22.036,22.145,21.961,10.824,10.750
11.07.2011,01:00:00,22.859,22.313,21.852,10.824,10.750
11.07.2011,02:00:00,23.206,22.771,21.866,10.824,10.750
11.07.2011,03:00:00,22.331,21.188,21.835,10.824,10.750
11.07.2011,04:00:00,22.562,21.712,21.779,10.824,10.750
11.07.2011,05:00:00,23.160,22.233,21.756,10.824,10.750
11.07.2011,06:00:00,22.145,21.401,21.799,10.824,10.750
11.07.2011,07:00:00,22.622,22.048,21.178,10.824,10.750
11.07.2011,08:00:00,22.728,22.203,21.272,10.824,10.750
11.07.2011,09:00:00,21.743,21.649,20.830,10.824,10.750
11.07.2011,10:00:00,22.667,21.189,21.465,10.824,10.750
11.07.2011,11:00:00,22.547,22.053,21.661,10.824,10.750
11.07.2011,12:00:00,22.334,21.584,21.771,10.824,10.750
11.07.2011,13:00:00,22.624,23.792,22.083,10.824,10.751
11.07.2011,14:00:00,22.785,22.776,23.044,10.824,10.751
11.07.2011,14:49:00,23.005,21.355,21.901,10.824,10.751
11.07.2011,15:00:00,23.790,23.211,23.550,10.824,10.751
11.07.2011,16:00:00,24.295,23.843,23.690,10.824,10.751
11.07.2011,17:00:00,23.922,23.272,23.268,10.824,10.751
11.07.2011,18:00:00,23.589,23.627,23.874,10.824,10.751
11.07.2011,19:00:00,24.066,23.784,23.189,10.824,10.751
11.07.2011,20:00:00,23.084,23.013,23.234,10.824,10.751
11.07.2011,21:00:00,24.402,23.609,23.701,10.824,10.751
11.07.2011,22:00:00,23.996,22.759,22.340,10.824,10.751
11.07.2011,23:00:00,23.750,23.233,22.967,10.824,10.751
12.07.2011,00:00:00,22.468,23.408,22.871,10.824,10.751
12.07.2011,01:00:00,23.380,23.122,22.683,10.824,10.751
12.07.2011,02:00:00,22.997,22.703,22.871,10.824,10.751
12.07.2011,03:00:00,23.663,23.210,22.002,10.824,10.751
12.07.2011,04:00:00,22.883,22.670,23.262,10.824,10.751
12.07.2011,05:00:00,23.245,23.037,22.892,10.824,10.751
12.07.2011,06:00:00,22.913,22.679,23.088,10.824,10.751
12.07.2011,07:00:00,23.876,23.199,22.609,10.824,10.751
12.07.2011,08:00:00,23.752,23.419,23.067,10.824,10.751
12.07.2011,09:00:00,23.118,23.529,22.917,10.824,10.751
12.07.2011,10:00:00,23.260,23.836,23.161,10.824,10.751
12.07.2011,11:00:00,23.852,23.431,23.676,10.824,10.751
12.07.2011,12:00:00,24.078,23.769,23.449,10.824,10.751
12.07.2011,13:00:00,25.708,24.387,24.375,10.824,10.751
12.07.2011,14:00:00,24.945,24.585,24.432,10.824,10.751
12.07.2011,15:00:00,25.304,25.276,25.197,10.824,10.751
12.07.2011,16:00:00,24.710,25.074,24.312,10.824,10.751
12.07.2011,17:00:00,24.109,24.149,23.773,10.824,10.751
12.07.2011,18:00:00,24.318,23.910,23.963,10.824,10.751
12.07.2011,19:00:00,24.503,23.193,23.716,10.824,10.751
12.07.2011,20:00:00,24.033,23.457,23.137,10.824,10.751
12.07.2011,21:00:00,23.493,23.687,23.319,10.824,10.751
12.07.2011,22:00:00,23.374,23.190,23.394,10.824,10.751
12.07.2011,23:00:00,24.166,23.543,23.292,10.824,10.751
13.07.2011,00:00:00,22.974,23.210,22.880,10.824,10.751
13.07.2011,01:00:00,23.867,23.110,23.034,10.824,10.751
13.07.2011,02:00:00,23.324,23.194,22.760,10.824,10.751
13.07.2011,03:00:00,23.105,23.237,23.051,10.824,10.751
13.07.2011,04:00:00,23.428,22.991,23.189,10.824,10.751
13.07.2011,05:00:00,23.641,22.832,23.647,10.824,10.751
13.07.2011,06:00:00,23.922,23.640,23.424,10.824,10.751
13.07.2011,07:00:00,23.219,23.370,22.878,10.824,10.751
13.07.2011,08:00:00,23.991,23.398,23.432,10.824,10.751
13.07.2011,08:26:00,23.115,22.824,21.693,10.824,10.751
13.07.2011,08:45:00,1728.726,1728.726,1728.726,10.826,10.751
13.07.2011,08:46:00,1728.750,1728.750,1728.750,10.826,10.761
13.07.2011,08:48:00,1728.789,1728.789,1728.788,10.826,-2.443
13.07.2011,09:00:00,1728.911,1728.911,1728.911,10.827,-2.443
13.07.2011,10:00:00,1729.128,1729.128,1729.129,10.827,-2.443
13.07.2011,11:00:00,1729.121,1729.121,1729.121,10.827,-2.443
13.07.2011,12:00:00,1729.121,1729.121,1729.121,10.827,-2.443
13.07.2011,13:00:00,1729.152,1729.152,1729.152,10.827,-2.443
13.07.2011,14:00:00,1729.105,1729.105,1729.105,10.827,-2.443
13.07.2011,15:00:00,1729.130,1729.130,1729.130,10.827,-2.443
13.07.2011,16:00:00,1729.073,1729.073,1729.073,10.827,-2.443
13.07.2011,17:00:00,1729.059,1729.059,1729.059,10.827,-2.443
13.07.2011,18:00:00,1728.860,1728.860,1728.860,10.827,-2.443
13.07.2011,19:00:00,1728.683,1728.683,1728.683,10.827,-2.443
13.07.2011,20:00:00,1728.527,1728.527,1728.527,10.827,-2.443
13.07.2011,21:00:00,1728.395,1728.395,1728.395,10.827,-2.443
13.07.2011,22:00:00,1728.380,1728.380,1728.380,10.827,-2.443
13.07.2011,23:00:00,1728.421,1728.421,1728.421,10.827,-2.443
14.07.2011,00:00:00,1728.436,1728.436,1728.436,10.827,-2.443
14.07.2011,01:00:00,1728.403,1728.403,1728.403,10.827,-2.443
14.07.2011,02:00:00,1728.415,1728.415,1728.415,10.827,-2.443
14.07.2011,03:00:00,1728.436,1728.436,1728.436,10.827,-2.443
14.07.2011,04:00:00,1728.418,1728.418,1728.419,10.827,-2.443
14.07.2011,05:00:00,1728.433,1728.433,1728.433,10.827,-2.443
14.07.2011,06:00:00,1728.422,1728.422,1728.422,10.827,-2.443
14.07.2011,07:00:00,1728.478,1728.478,1728.478,10.827,-2.443
14.07.2011,08:00:00,1728.514,1728.514,1728.514,10.827,-2.443
14.07.2011,09:00:00,1728.698,1728.698,1728.698,10.827,-2.443
14.07.2011,10:00:00,1728.880,1728.880,1728.880,10.827,-2.443
14.07.2011,11:00:00,1728.930,1728.930,1728.930,10.827,-2.443
14.07.2011,12:00:00,1728.934,1728.934,1728.934,10.827,-2.443
14.07.2011,13:00:00,1729.071,1729.071,1729.071,10.827,-2.443
14.07.2011,14:00:00,1729.177,1729.177,1729.178,10.827,-2.443
14.07.2011,15:00:00,1729.324,1729.324,1729.324,10.827,-2.443
14.07.2011,16:00:00,1729.638,1729.638,1729.638,10.827,-2.443
14.07.2011,17:00:00,1729.802,1729.802,1729.803,10.827,-2.443
14.07.2011,18:00:00,1729.870,1729.870,1729.870,10.827,-2.443
14.07.2011,19:00:00,1729.616,1729.616,1729.616,10.827,-2.443
14.07.2011,20:00:00,1729.194,1729.194,1729.194,10.827,-2.443
14.07.2011,21:00:00,1728.834,1728.834,1728.834,10.827,-2.443
14.07.2011,22:00:00,1728.632,1728.632,1728.632,10.827,-2.443
14.07.2011,23:00:00,1728.530,1728.530,1728.530,10.827,-2.443
15.07.2011,00:00:00,1728.479,1728.479,1728.480,10.827,-2.443
15.07.2011,01:00:00,1728.439,1728.439,1728.439,10.827,-2.443
15.07.2011,02:00:00,1728.502,1728.502,1728.502,10.827,-2.443
15.07.2011,03:00:00,1728.497,1728.497,1728.497,10.827,-2.443
15.07.2011,04:00:00,1728.556,1728.556,1728.556,10.827,-2.443
15.07.2011,05:00:00,1728.617,1728.617,1728.617,10.827,-2.443
15.07.2011,06:00:00,1728.631,1728.631,1728.631,10.827,-2.443
15.07.2011,07:00:00,1728.619,1728.619,1728.619,10.827,-2.443
15.07.2011,08:00:00,1728.729,1728.729,1728.729,10.827,-2.443
15.07.2011,09:00:00,1728.791,1728.791,1728.791,10.827,-2.443
15.07.2011,10:00:00,1729.159,1729.159,1729.159,10.827,-2.443
15.07.2011,11:00:00,1729.368,1729.368,1729.368,10.827,-2.443
15.07.2011,12:00:00,1729.327,1729.328,1729.328,10.827,-2.443
15.07.2011,13:00:00,1729.118,1729.118,1729.118,10.827,-2.443
15.07.2011,14:00:00,1729.090,1729.090,1729.090,10.827,-2.443
15.07.2011,15:00:00,1729.113,1729.113,1729.113,10.827,-2.443
15.07.2011,16:00:00,1729.243,1729.243,1729.243,10.827,-2.443
15.07.2011,17:00:00,1729.540,1729.540,1729.540,10.827,-2.443
15.07.2011,18:00:00,1730.035,1730.035,1730.035,10.827,-2.443
15.07.2011,19:00:00,1729.673,1729.673,1729.673,10.827,-2.443
15.07.2011,20:00:00,1729.583,1729.583,1729.583,10.827,-2.443
15.07.2011,21:00:00,1729.587,1729.587,1729.587,10.827,-2.443
15.07.2011,22:00:00,1729.426,1729.426,1729.426,10.827,-2.443
15.07.2011,23:00:00,1729.106,1729.106,1729.106,10.827,-2.443
16.07.2011,00:00:00,1728.888,1728.888,1728.888,10.827,-2.443
16.07.2011,01:00:00,1728.794,1728.793,1728.794,10.827,-2.443
16.07.2011,02:00:00,1728.713,1728.713,1728.714,10.827,-2.443
16.07.2011,03:00:00,1728.697,1728.696,1728.696,10.827,-2.443
16.07.2011,04:00:00,1728.669,1728.669,1728.670,10.827,-2.443
16.07.2011,05:00:00,1728.610,1728.610,1728.610,10.827,-2.443
16.07.2011,06:00:00,1728.680,1728.680,1728.680,10.827,-2.443
16.07.2011,07:00:00,1728.682,1728.682,1728.682,10.827,-2.443
16.07.2011,08:00:00,1728.731,1728.731,1728.731,10.827,-2.443
16.07.2011,09:00:00,1728.996,1728.996,1728.996,10.827,-2.443
16.07.2011,10:00:00,1729.461,1729.461,1729.461,10.827,-2.443
16.07.2011,11:00:00,1729.762,1729.763,1729.763,10.828,-2.443
16.07.2011,12:00:00,1729.799,1729.799,1729.799,10.828,-2.443
16.07.2011,13:00:00,1729.743,1729.743,1729.743,10.828,-2.443
16.07.2011,14:00:00,1729.798,1729.798,1729.797,10.828,-2.443
16.07.2011,15:00:00,1729.881,1729.881,1729.881,10.828,-2.443
16.07.2011,16:00:00,1729.907,1729.907,1729.907,10.828,-2.443
16.07.2011,17:00:00,1729.831,1729.832,1729.831,10.828,-2.443
16.07.2011,18:00:00,1729.785,1729.785,1729.785,10.828,-2.443
16.07.2011,19:00:00,1729.741,1729.741,1729.741,10.827,-2.443
16.07.2011,20:00:00,1729.664,1729.664,1729.664,10.827,-2.443
16.07.2011,21:00:00,1729.517,1729.517,1729.517,10.827,-2.443
16.07.2011,22:00:00,1729.379,1729.378,1729.378,10.827,-2.443
16.07.2011,23:00:00,1729.198,1729.198,1729.198,10.827,-2.443
17.07.2011,00:00:00,1729.008,1729.008,1729.008,10.827,-2.443
17.07.2011,01:00:00,1728.914,1728.914,1728.914,10.827,-2.443
17.07.2011,02:00:00,1728.926,1728.926,1728.926,10.827,-2.443
17.07.2011,03:00:00,1728.882,1728.882,1728.882,10.827,-2.443
17.07.2011,04:00:00,1728.868,1728.868,1728.868,10.827,-2.443
17.07.2011,05:00:00,1728.845,1728.846,1728.846,10.827,-2.443
17.07.2011,06:00:00,1728.819,1728.819,1728.819,10.827,-2.443
17.07.2011,07:00:00,1728.686,1728.686,1728.686,10.827,-2.443
17.07.2011,08:00:00,1728.648,1728.648,1728.648,10.827,-2.443
17.07.2011,09:00:00,1728.703,1728.702,1728.702,10.827,-2.443
17.07.2011,10:00:00,1728.837,1728.837,1728.837,10.827,-2.443
17.07.2011,11:00:00,1728.834,1728.834,1728.834,10.827,-2.443
17.07.2011,12:00:00,1729.282,1729.282,1729.282,10.828,-2.443
17.07.2011,13:00:00,1729.506,1729.506,1729.506,10.828,-2.443
17.07.2011,14:00:00,1729.581,1729.581,1729.581,10.828,-2.443
17.07.2011,15:00:00,1729.685,1729.685,1729.685,10.828,-2.443
17.07.2011,16:00:00,1729.672,1729.672,1729.672,10.828,-2.443
17.07.2011,17:00:00,1729.747,1729.747,1729.747,10.828,-2.443
17.07.2011,18:00:00,1729.991,1729.991,1729.991,10.827,-2.443
17.07.2011,19:00:00,1729.649,1729.649,1729.649,10.827,-2.443
17.07.2011,20:00:00,1729.595,1729.595,1729.595,10.827,-2.443
17.07.2011,21:00:00,1729.526,1729.525,1729.526,10.827,-2.443
17.07.2011,22:00:00,1729.320,1729.320,1729.320,10.827,-2.443
17.07.2011,23:00:00,1728.976,1728.976,1728.976,10.827,-2.443
18.07.2011,00:00:00,1728.823,1728.823,1728.823,10.827,-2.443
18.07.2011,01:00:00,1728.744,1728.744,1728.744,10.827,-2.443
18.07.2011,02:00:00,1728.710,1728.710,1728.710,10.827,-2.443
18.07.2011,03:00:00,1728.683,1728.683,1728.683,10.827,-2.443
18.07.2011,04:00:00,1728.653,1728.653,1728.653,10.827,-2.443
18.07.2011,05:00:00,1728.581,1728.581,1728.581,10.827,-2.443
18.07.2011,06:00:00,1728.555,1728.555,1728.555,10.827,-2.443
18.07.2011,07:00:00,1728.610,1728.610,1728.610,10.827,-2.443
18.07.2011,08:00:00,1728.618,1728.618,1728.618,10.827,-2.443
18.07.2011,09:00:00,1728.724,1728.724,1728.724,10.827,-2.443
18.07.2011,10:00:00,1729.014,1729.014,1729.014,10.828,-2.443
18.07.2011,11:00:00,1729.475,1729.475,1729.475,10.828,-2.443
18.07.2011,12:00:00,1729.577,1729.577,1729.577,10.828,-2.443
18.07.2011,13:00:00,1729.607,1729.607,1729.607,10.828,-2.443
18.07.2011,14:00:00,1729.629,1729.629,1729.629,10.828,-2.443
18.07.2011,15:00:00,1729.584,1729.584,1729.584,10.828,-2.443
18.07.2011,16:00:00,1729.546,1729.546,1729.546,10.828,-2.443
18.07.2011,17:00:00,1729.365,1729.365,1729.365,10.828,-2.443
18.07.2011,18:00:00,1729.625,1729.624,1729.625,10.828,-2.443
18.07.2011,19:00:00,1729.891,1729.891,1729.891,10.828,-2.443
18.07.2011,20:00:00,1729.760,1729.760,1729.760,10.828,-2.443
18.07.2011,21:00:00,1729.603,1729.603,1729.603,10.828,-2.443
18.07.2011,22:00:00,1729.419,1729.419,1729.418,10.828,-2.443
18.07.2011,23:00:00,1729.273,1729.273,1729.273,10.827,-2.443
19.07.2011,00:00:00,1729.175,1729.175,1729.175,10.827,-2.443
19.07.2011,01:00:00,1729.105,1729.105,1729.105,10.827,-2.443
19.07.2011,02:00:00,1729.053,1729.053,1729.053,10.827,-2.443
19.07.2011,03:00:00,1728.992,1728.992,1728.992,10.827,-2.443
19.07.2011,04:00:00,1728.925,1728.925,1728.925,10.827,-2.443
19.07.2011,05:00:00,1728.891,1728.891,1728.891,10.827,-2.443
19.07.2011,06:00:00,1728.811,1728.811,1728.811,10.827,-2.443
19.07.2011,07:00:00,1728.800,1728.800,1728.800,10.827,-2.443
19.07.2011,08:00:00,1728.931,1728.931,1728.931,10.827,-2.443
19.07.2011,09:00:00,1729.245,1729.245,1729.246,10.828,-2.443
19.07.2011,10:00:00,1729.548,1729.548,1729.548,10.828,-2.443
19.07.2011,11:00:00,1729.525,1729.525,1729.525,10.828,-2.443
19.07.2011,12:00:00,1729.617,1729.617,1729.617,10.828,-2.443
19.07.2011,13:00:00,1729.731,1729.731,1729.731,10.828,-2.443
19.07.2011,14:00:00,1729.706,1729.706,1729.706,10.828,-2.443
19.07.2011,15:00:00,1729.644,1729.643,1729.643,10.828,-2.443
19.07.2011,16:00:00,1729.253,1729.253,1729.253,10.828,-2.443
19.07.2011,17:00:00,1729.403,1729.403,1729.403,10.828,-2.443
19.07.2011,18:00:00,1729.355,1729.355,1729.355,10.828,-2.443
19.07.2011,19:00:00,1729.355,1729.355,1729.355,10.828,-2.443
19.07.2011,20:00:00,1729.338,1729.338,1729.339,10.828,-2.443
19.07.2011,21:00:00,1729.300,1729.300,1729.300,10.828,-2.443
19.07.2011,22:00:00,1729.280,1729.280,1729.280,10.828,-2.443
19.07.2011,23:00:00,1729.110,1729.110,1729.110,10.827,-2.443
20.07.2011,00:00:00,1729.022,1729.022,1729.022,10.827,-2.443
20.07.2011,01:00:00,1728.962,1728.962,1728.962,10.827,-2.443
20.07.2011,02:00:00,1728.944,1728.944,1728.944,10.827,-2.443
20.07.2011,03:00:00,1728.919,1728.919,1728.919,10.827,-2.443
20.07.2011,04:00:00,1728.898,1728.898,1728.898,10.827,-2.443
20.07.2011,05:00:00,1728.884,1728.884,1728.884,10.827,-2.443
20.07.2011,06:00:00,1728.779,1728.779,1728.779,10.827,-2.443
20.07.2011,07:00:00,1728.849,1728.851,1728.850,10.827,-2.443
20.07.2011,08:00:00,1728.890,1728.890,1728.890,10.827,-2.443
20.07.2011,09:00:00,1729.184,1729.184,1729.184,10.828,-2.443
20.07.2011,10:00:00,1729.424,1729.424,1729.424,10.828,-2.443
20.07.2011,11:00:00,1729.513,1729.513,1729.513,10.828,-2.443
20.07.2011,12:00:00,1729.282,1729.282,1729.282,10.827,-2.443
20.07.2011,13:00:00,1729.000,1729.000,1728.999,10.827,-2.443
20.07.2011,14:00:00,1728.784,1728.784,1728.785,10.827,-2.443
20.07.2011,15:00:00,1728.679,1728.679,1728.679,10.827,-2.443
20.07.2011,16:00:00,1728.719,1728.719,1728.719,10.827,-2.443
20.07.2011,17:00:00,1728.588,1728.588,1728.588,10.827,-2.443
20.07.2011,18:00:00,1728.575,1728.575,1728.575,10.827,-2.443
20.07.2011,19:00:00,1728.420,1728.420,1728.420,10.827,-2.443
20.07.2011,20:00:00,1728.262,1728.262,1728.262,10.827,-2.443
20.07.2011,21:00:00,1728.087,1728.087,1728.087,10.827,-2.443
20.07.2011,22:00:00,1727.916,1727.916,1727.916,10.827,-2.443
20.07.2011,23:00:00,1727.903,1727.903,1727.903,10.827,-2.443
21.07.2011,00:00:00,1727.831,1727.831,1727.831,10.827,-2.443
21.07.2011,01:00:00,1727.760,1727.760,1727.760,10.827,-2.443
21.07.2011,02:00:00,1727.746,1727.746,1727.746,10.827,-2.443
21.07.2011,03:00:00,1727.706,1727.706,1727.706,10.827,-2.443
21.07.2011,04:00:00,1727.621,1727.621,1727.621,10.827,-2.443
21.07.2011,05:00:00,1727.574,1727.574,1727.574,10.827,-2.443
21.07.2011,06:00:00,1727.579,1727.579,1727.579,10.827,-2.443
21.07.2011,07:00:00,1727.704,1727.704,1727.704,10.827,-2.443
21.07.2011,08:00:00,1727.790,1727.790,1727.790,10.827,-2.443
21.07.2011,09:00:00,1727.966,1727.966,1727.966,10.827,-2.443
21.07.2011,10:00:00,1728.387,1728.388,1728.388,10.827,-2.443
21.07.2011,11:00:00,1728.521,1728.521,1728.521,10.827,-2.443
21.07.2011,12:00:00,1728.408,1728.408,1728.408,10.827,-2.443
21.07.2011,13:00:00,1728.544,1728.544,1728.543,10.827,-2.443
21.07.2011,14:00:00,1728.612,1728.612,1728.612,10.827,-2.443
21.07.2011,15:00:00,1728.664,1728.664,1728.664,10.827,-2.443
21.07.2011,16:00:00,1728.629,1728.629,1728.629,10.827,-2.443
21.07.2011,17:00:00,1728.754,1728.754,1728.754,10.827,-2.443
21.07.2011,18:00:00,1728.583,1728.583,1728.583,10.827,-2.443
21.07.2011,19:00:00,1728.362,1728.362,1728.362,10.827,-2.443
21.07.2011,20:00:00,1728.261,1728.261,1728.261,10.827,-2.444
21.07.2011,21:00:00,1728.214,1728.214,1728.214,10.827,-2.444
21.07.2011,22:00:00,1728.075,1728.075,1728.075,10.827,-2.444
21.07.2011,23:00:00,1728.028,1728.028,1728.028,10.827,-2.444
22.07.2011,00:00:00,1727.988,1727.988,1727.989,10.827,-2.444
22.07.2011,01:00:00,1727.946,1727.945,1727.945,10.827,-2.444
22.07.2011,02:00:00,1727.966,1727.966,1727.966,10.827,-2.444
22.07.2011,03:00:00,1727.972,1727.972,1727.972,10.827,-2.444
22.07.2011,04:00:00,1727.978,1727.978,1727.978,10.827,-2.444
22.07.2011,05:00:00,1727.960,1727.960,1727.960,10.827,-2.444
22.07.2011,06:00:00,1727.887,1727.887,1727.887,10.827,-2.444
22.07.2011,07:00:00,1727.866,1727.866,1727.866,10.827,-2.444
22.07.2011,08:00:00,1727.880,1727.880,1727.880,10.827,-2.444
22.07.2011,09:00:00,1727.966,1727.966,1727.966,10.827,-2.444
22.07.2011,10:00:00,1728.182,1728.182,1728.182,10.827,-2.444
22.07.2011,11:00:00,1728.346,1728.346,1728.346,10.827,-2.443
22.07.2011,12:00:00,1728.086,1728.086,1728.086,10.827,-2.443
22.07.2011,13:00:00,1728.005,1728.005,1728.005,10.827,-2.443
22.07.2011,14:00:00,1728.214,1728.214,1728.214,10.827,-2.443
22.07.2011,15:00:00,1728.326,1728.326,1728.325,10.827,-2.443
22.07.2011,16:00:00,1728.223,1728.222,1728.222,10.827,-2.443
22.07.2011,17:00:00,1728.172,1728.172,1728.172,10.827,-2.443
22.07.2011,18:00:00,1728.181,1728.181,1728.181,10.827,-2.443
22.07.2011,19:00:00,1728.156,1728.156,1728.156,10.827,-2.443
22.07.2011,20:00:00,1728.027,1728.027,1728.028,10.827,-2.443
22.07.2011,21:00:00,1727.794,1727.794,1727.794,10.827,-2.443
22.07.2011,22:00:00,1727.541,1727.541,1727.541,10.827,-2.443
22.07.2011,23:00:00,1727.456,1727.456,1727.456,10.827,-2.443
23.07.2011,00:00:00,1727.457,1727.457,1727.457,10.827,-2.443
23.07.2011,01:00:00,1727.490,1727.490,1727.490,10.827,-2.443
23.07.2011,02:00:00,1727.437,1727.437,1727.437,10.827,-2.443
23.07.2011,03:00:00,1727.394,1727.395,1727.394,10.827,-2.443
23.07.2011,04:00:00,1727.390,1727.390,1727.390,10.827,-2.443
23.07.2011,05:00:00,1727.396,1727.396,1727.396,10.827,-2.443
23.07.2011,06:00:00,1727.423,1727.424,1727.424,10.827,-2.443
23.07.2011,07:00:00,1727.420,1727.420,1727.420,10.827,-2.443
23.07.2011,08:00:00,1727.416,1727.416,1727.416,10.827,-2.443
23.07.2011,09:00:00,1727.602,1727.602,1727.602,10.827,-2.443
23.07.2011,10:00:00,1727.710,1727.710,1727.710,10.827,-2.443
23.07.2011,11:00:00,1727.787,1727.787,1727.787,10.827,-2.443
23.07.2011,12:00:00,1727.829,1727.829,1727.829,10.827,-2.443
23.07.2011,13:00:00,1727.951,1727.951,1727.951,10.828,-2.443
23.07.2011,14:00:00,1728.196,1728.196,1728.196,10.828,-2.443
23.07.2011,15:00:00,1728.438,1728.438,1728.438,10.828,-2.443
23.07.2011,16:00:00,1728.465,1728.465,1728.465,10.828,-2.443
23.07.2011,17:00:00,1728.352,1728.352,1728.352,10.828,-2.443
23.07.2011,18:00:00,1727.868,1727.868,1727.868,10.827,-2.443
23.07.2011,19:00:00,1727.782,1727.782,1727.781,10.827,-2.443
23.07.2011,20:00:00,1727.749,1727.749,1727.749,10.827,-2.443
23.07.2011,21:00:00,1727.691,1727.691,1727.692,10.827,-2.443
23.07.2011,22:00:00,1727.492,1727.492,1727.492,10.827,-2.443
23.07.2011,23:00:00,1727.427,1727.427,1727.427,10.827,-2.443
24.07.2011,00:00:00,1727.388,1727.388,1727.388,10.827,-2.443
24.07.2011,01:00:00,1727.427,1727.427,1727.427,10.827,-2.443
24.07.2011,02:00:00,1727.340,1727.340,1727.340,10.827,-2.443
24.07.2011,03:00:00,1727.262,1727.262,1727.262,10.827,-2.443
24.07.2011,04:00:00,1727.266,1727.266,1727.266,10.827,-2.443
24.07.2011,05:00:00,1727.281,1727.281,1727.281,10.827,-2.443
24.07.2011,06:00:00,1727.260,1727.261,1727.261,10.827,-2.443
24.07.2011,07:00:00,1727.277,1727.277,1727.277,10.827,-2.443
24.07.2011,08:00:00,1727.314,1727.314,1727.314,10.827,-2.443
24.07.2011,09:00:00,1727.361,1727.361,1727.361,10.827,-2.443
24.07.2011,10:00:00,1727.375,1727.375,1727.375,10.827,-2.443
24.07.2011,11:00:00,1727.385,1727.385,1727.385,10.827,-2.443
24.07.2011,12:00:00,1727.529,1727.529,1727.529,10.827,-2.443
24.07.2011,13:00:00,1727.570,1727.570,1727.570,10.827,-2.443
24.07.2011,14:00:00,1727.578,1727.578,1727.578,10.827,-2.443
24.07.2011,15:00:00,1727.523,1727.523,1727.523,10.827,-2.443
24.07.2011,16:00:00,1727.488,1727.487,1727.487,10.827,-2.443
24.07.2011,17:00:00,1727.477,1727.477,1727.477,10.827,-2.443
24.07.2011,18:00:00,1727.486,1727.486,1727.486,10.827,-2.443
24.07.2011,19:00:00,1727.468,1727.468,1727.468,10.827,-2.443
24.07.2011,20:00:00,1727.397,1727.397,1727.396,10.827,-2.443
24.07.2011,21:00:00,1727.388,1727.388,1727.388,10.827,-2.443
24.07.2011,22:00:00,1727.352,1727.352,1727.352,10.827,-2.443
24.07.2011,23:00:00,1727.321,1727.321,1727.321,10.827,-2.443
25.07.2011,00:00:00,1727.316,1727.317,1727.317,10.827,-2.443
25.07.2011,01:00:00,1727.337,1727.337,1727.337,10.827,-2.443
25.07.2011,02:00:00,1727.334,1727.334,1727.334,10.827,-2.443
25.07.2011,03:00:00,1727.320,1727.319,1727.319,10.827,-2.443
25.07.2011,04:00:00,1727.266,1727.266,1727.266,10.827,-2.443
25.07.2011,05:00:00,1727.263,1727.263,1727.263,10.827,-2.443
25.07.2011,06:00:00,1727.238,1727.238,1727.238,10.827,-2.443
25.07.2011,07:00:00,1727.141,1727.141,1727.141,10.827,-2.443
25.07.2011,08:00:00,1727.159,1727.159,1727.159,10.827,-2.443
25.07.2011,09:00:00,1727.327,1727.327,1727.327,10.827,-2.443
25.07.2011,10:00:00,1727.577,1727.577,1727.577,10.827,-2.443
25.07.2011,11:00:00,1727.897,1727.897,1727.897,10.827,-2.443
25.07.2011,12:00:00,1728.169,1728.169,1728.169,10.828,-2.443
25.07.2011,13:00:00,1728.196,1728.196,1728.196,10.828,-2.443
25.07.2011,14:00:00,1728.316,1728.316,1728.316,10.828,-2.443
25.07.2011,15:00:00,1728.335,1728.335,1728.335,10.828,-2.443
25.07.2011,16:00:00,1728.279,1728.279,1728.279,10.828,-2.443
25.07.2011,17:00:00,1728.301,1728.301,1728.301,10.828,-2.443
25.07.2011,18:00:00,1728.205,1728.205,1728.205,10.828,-2.443
25.07.2011,19:00:00,1728.068,1728.068,1728.068,10.827,-2.443
25.07.2011,20:00:00,1727.945,1727.945,1727.945,10.827,-2.443
25.07.2011,21:00:00,1727.696,1727.696,1727.696,10.827,-2.443
25.07.2011,22:00:00,1727.598,1727.598,1727.598,10.827,-2.443
25.07.2011,23:00:00,1727.568,1727.568,1727.568,10.827,-2.443
26.07.2011,00:00:00,1727.534,1727.534,1727.534,10.827,-2.443
26.07.2011,01:00:00,1727.497,1727.497,1727.497,10.827,-2.443
26.07.2011,02:00:00,1727.414,1727.414,1727.414,10.827,-2.443
26.07.2011,03:00:00,1727.431,1727.431,1727.431,10.827,-2.443
26.07.2011,04:00:00,1727.436,1727.436,1727.436,10.827,-2.443
26.07.2011,05:00:00,1727.438,1727.438,1727.438,10.827,-2.443
26.07.2011,06:00:00,1727.405,1727.405,1727.405,10.827,-2.443
26.07.2011,07:00:00,1727.417,1727.417,1727.417,10.827,-2.443
26.07.2011,08:00:00,1727.457,1727.457,1727.457,10.827,-2.443
26.07.2011,09:00:00,1727.666,1727.666,1727.665,10.827,-2.443
26.07.2011,10:00:00,1727.945,1727.946,1727.946,10.827,-2.443
26.07.2011,11:00:00,1728.134,1728.134,1728.134,10.828,-2.443
26.07.2011,12:00:00,1728.053,1728.052,1728.052,10.827,-2.443
26.07.2011,13:00:00,1728.015,1728.015,1728.015,10.827,-2.443
26.07.2011,14:00:00,1728.102,1728.102,1728.102,10.827,-2.443
26.07.2011,15:00:00,1728.182,1728.182,1728.182,10.828,-2.443
26.07.2011,16:00:00,1728.262,1728.262,1728.262,10.828,-2.443
26.07.2011,17:00:00,1728.326,1728.326,1728.326,10.828,-2.443
26.07.2011,18:00:00,1728.282,1728.282,1728.282,10.828,-2.443
26.07.2011,19:00:00,1728.199,1728.199,1728.199,10.827,-2.443
26.07.2011,20:00:00,1728.003,1728.003,1728.003,10.827,-2.443
26.07.2011,21:00:00,1727.885,1727.885,1727.885,10.827,-2.443
26.07.2011,22:00:00,1727.652,1727.652,1727.652,10.827,-2.443
26.07.2011,23:00:00,1727.612,1727.612,1727.612,10.827,-2.443
27.07.2011,00:00:00,1727.592,1727.592,1727.592,10.827,-2.443
27.07.2011,01:00:00,1727.573,1727.573,1727.573,10.827,-2.443
27.07.2011,02:00:00,1727.538,1727.538,1727.538,10.827,-2.443
27.07.2011,03:00:00,1727.478,1727.478,1727.478,10.827,-2.443
27.07.2011,04:00:00,1727.465,1727.465,1727.464,10.827,-2.443
27.07.2011,05:00:00,1727.436,1727.436,1727.436,10.827,-2.443
27.07.2011,06:00:00,1727.454,1727.454,1727.454,10.827,-2.443
27.07.2011,07:00:00,1727.473,1727.473,1727.473,10.827,-2.443
27.07.2011,08:00:00,1727.574,1727.574,1727.574,10.827,-2.443
27.07.2011,09:00:00,1727.715,1727.715,1727.715,10.827,-2.443
27.07.2011,10:00:00,1728.050,1728.049,1728.049,10.827,-2.443
27.07.2011,11:00:00,1728.204,1728.204,1728.204,10.828,-2.443
27.07.2011,12:00:00,1728.280,1728.280,1728.280,10.828,-2.443
27.07.2011,13:00:00,1728.367,1728.367,1728.367,10.828,-2.443
27.07.2011,14:00:00,1728.416,1728.416,1728.416,10.828,-2.443
27.07.2011,15:00:00,1728.361,1728.361,1728.361,10.828,-2.443
27.07.2011,16:00:00,1728.228,1728.228,1728.228,10.828,-2.443
27.07.2011,17:00:00,1728.136,1728.136,1728.136,10.827,-2.443
27.07.2011,18:00:00,1728.216,1728.216,1728.216,10.827,-2.443
27.07.2011,19:00:00,1728.084,1728.084,1728.084,10.827,-2.443
27.07.2011,20:00:00,1727.978,1727.978,1727.978,10.827,-2.443
27.07.2011,21:00:00,1727.744,1727.744,1727.744,10.827,-2.443
27.07.2011,22:00:00,1727.627,1727.627,1727.627,10.827,-2.443
27.07.2011,23:00:00,1727.602,1727.602,1727.602,10.827,-2.443
28.07.2011,00:00:00,1727.588,1727.588,1727.588,10.827,-2.443
28.07.2011,01:00:00,1727.560,1727.560,1727.561,10.827,-2.443
28.07.2011,02:00:00,1727.497,1727.497,1727.497,10.827,-2.443
28.07.2011,03:00:00,1727.447,1727.447,1727.447,10.827,-2.443
28.07.2011,04:00:00,1727.422,1727.422,1727.422,10.827,-2.443
28.07.2011,05:00:00,1727.434,1727.434,1727.434,10.827,-2.443
28.07.2011,06:00:00,1727.428,1727.428,1727.428,10.827,-2.443
28.07.2011,07:00:00,1727.468,1727.468,1727.468,10.827,-2.443
28.07.2011,08:00:00,1727.585,1727.585,1727.585,10.827,-2.443
28.07.2011,09:00:00,1727.864,1727.864,1727.864,10.827,-2.443
28.07.2011,10:00:00,1727.851,1727.851,1727.851,10.827,-2.443
28.07.2011,11:00:00,1727.721,1727.721,1727.721,10.827,-2.443
28.07.2011,12:00:00,1727.766,1727.766,1727.766,10.827,-2.443
28.07.2011,13:00:00,1728.187,1728.187,1728.187,10.828,-2.443
28.07.2011,14:00:00,1728.323,1728.323,1728.323,10.828,-2.443
28.07.2011,15:00:00,1728.393,1728.393,1728.393,10.828,-2.443
28.07.2011,16:00:00,1728.393,1728.393,1728.393,10.828,-2.443
28.07.2011,17:00:00,1728.429,1728.429,1728.429,10.828,-2.443
28.07.2011,18:00:00,1728.481,1728.481,1728.481,10.828,-2.443
28.07.2011,19:00:00,1728.155,1728.155,1728.155,10.827,-2.443
28.07.2011,20:00:00,1727.859,1727.859,1727.859,10.827,-2.443
28.07.2011,21:00:00,1727.718,1727.718,1727.718,10.827,-2.443
28.07.2011,22:00:00,1727.602,1727.602,1727.602,10.827,-2.443
28.07.2011,23:00:00,1727.553,1727.553,1727.553,10.827,-2.443
29.07.2011,00:00:00,1727.531,1727.531,1727.531,10.827,-2.443
29.07.2011,01:00:00,1727.501,1727.501,1727.501,10.827,-2.443
29.07.2011,02:00:00,1727.485,1727.486,1727.486,10.827,-2.443
29.07.2011,03:00:00,1727.421,1727.421,1727.421,10.827,-2.443
29.07.2011,04:00:00,1727.404,1727.404,1727.404,10.827,-2.443
29.07.2011,05:00:00,1727.391,1727.391,1727.391,10.827,-2.443
29.07.2011,06:00:00,1727.379,1727.379,1727.379,10.827,-2.443
29.07.2011,07:00:00,1727.354,1727.354,1727.354,10.827,-2.443
29.07.2011,08:00:00,1727.326,1727.326,1727.326,10.827,-2.443
29.07.2011,09:00:00,1727.566,1727.566,1727.566,10.827,-2.443
29.07.2011,10:00:00,1727.491,1727.491,1727.491,10.827,-2.443
29.07.2011,11:00:00,1727.418,1727.418,1727.418,10.827,-2.443
29.07.2011,12:00:00,1727.472,1727.472,1727.472,10.827,-2.443
29.07.2011,13:00:00,1727.579,1727.579,1727.579,10.827,-2.443
29.07.2011,14:00:00,1727.714,1727.714,1727.714,10.827,-2.443
29.07.2011,15:00:00,1727.783,1727.783,1727.783,10.827,-2.443
29.07.2011,16:00:00,1727.971,1727.971,1727.971,10.827,-2.443
29.07.2011,17:00:00,1728.145,1728.145,1728.145,10.827,-2.443
29.07.2011,18:00:00,1728.130,1728.130,1728.130,10.827,-2.443
29.07.2011,19:00:00,1728.041,1728.041,1728.041,10.827,-2.443
29.07.2011,20:00:00,1727.860,1727.860,1727.860,10.827,-2.443
29.07.2011,21:00:00,1727.609,1727.608,1727.608,10.827,-2.443
29.07.2011,22:00:00,1727.482,1727.482,1727.482,10.827,-2.443
29.07.2011,23:00:00,1727.385,1727.385,1727.385,10.827,-2.443
30.07.2011,00:00:00,1727.309,1727.309,1727.309,10.827,-2.443
30.07.2011,01:00:00,1727.199,1727.199,1727.199,10.827,-2.443
30.07.2011,02:00:00,1727.118,1727.118,1727.117,10.827,-2.443
30.07.2011,03:00:00,1727.065,1727.065,1727.065,10.827,-2.443
30.07.2011,04:00:00,1726.993,1726.993,1726.993,10.827,-2.443
30.07.2011,05:00:00,1726.949,1726.949,1726.949,10.827,-2.443
30.07.2011,06:00:00,1726.900,1726.901,1726.901,10.827,-2.443
30.07.2011,07:00:00,1726.859,1726.859,1726.859,10.827,-2.443
30.07.2011,08:00:00,1726.823,1726.823,1726.823,10.827,-2.443
30.07.2011,09:00:00,1726.837,1726.837,1726.837,10.827,-2.443
30.07.2011,10:00:00,1726.971,1726.971,1726.971,10.827,-2.443
30.07.2011,11:00:00,1727.140,1727.140,1727.140,10.827,-2.443
30.07.2011,12:00:00,1727.290,1727.290,1727.290,10.827,-2.443
30.07.2011,13:00:00,1727.416,1727.416,1727.416,10.827,-2.443
30.07.2011,14:00:00,1727.379,1727.379,1727.379,10.827,-2.443
30.07.2011,15:00:00,1727.425,1727.425,1727.425,10.827,-2.443
30.07.2011,16:00:00,1727.401,1727.401,1727.401,10.827,-2.443
30.07.2011,17:00:00,1727.276,1727.277,1727.277,10.827,-2.443
30.07.2011,18:00:00,1727.332,1727.332,1727.332,10.827,-2.443
30.07.2011,19:00:00,1727.308,1727.308,1727.307,10.827,-2.443
30.07.2011,20:00:00,1727.239,1727.239,1727.239,10.827,-2.443
30.07.2011,21:00:00,1727.173,1727.173,1727.173,10.827,-2.443
30.07.2011,22:00:00,1727.146,1727.146,1727.146,10.827,-2.443
30.07.2011,23:00:00,1727.092,1727.093,1727.093,10.827,-2.443
31.07.2011,00:00:00,1727.066,1727.066,1727.066,10.827,-2.443
31.07.2011,01:00:00,1727.071,1727.071,1727.071,10.827,-2.443
31.07.2011,02:00:00,1727.071,1727.071,1727.071,10.827,-2.443
31.07.2011,03:00:00,1727.045,1727.045,1727.045,10.827,-2.443
31.07.2011,04:00:00,1727.001,1727.001,1727.001,10.827,-2.443
31.07.2011,05:00:00,1727.011,1727.011,1727.011,10.827,-2.443
31.07.2011,06:00:00,1726.997,1726.997,1726.997,10.827,-2.443
31.07.2011,07:00:00,1726.974,1726.974,1726.974,10.827,-2.443
31.07.2011,08:00:00,1726.963,1726.963,1726.963,10.827,-2.443
31.07.2011,09:00:00,1727.047,1727.048,1727.048,10.827,-2.443
31.07.2011,10:00:00,1727.166,1727.166,1727.166,10.827,-2.443
31.07.2011,11:00:00,1727.175,1727.175,1727.175,10.827,-2.443
31.07.2011,12:00:00,1727.247,1727.247,1727.247,10.827,-2.443
31.07.2011,13:00:00,1727.271,1727.271,1727.271,10.827,-2.443
31.07.2011,14:00:00,1727.425,1727.425,1727.425,10.827,-2.443
31.07.2011,15:00:00,1727.576,1727.576,1727.576,10.827,-2.443
31.07.2011,16:00:00,1727.602,1727.602,1727.602,10.827,-2.443
31.07.2011,17:00:00,1727.661,1727.661,1727.661,10.827,-2.443
31.07.2011,18:00:00,1727.606,1727.606,1727.606,10.827,-2.443
31.07.2011,19:00:00,1727.510,1727.510,1727.510,10.827,-2.443
31.07.2011,20:00:00,1727.414,1727.414,1727.414,10.827,-2.443
31.07.2011,21:00:00,1727.340,1727.340,1727.340,10.827,-2.443
31.07.2011,22:00:00,1727.268,1727.268,1727.268,10.827,-2.443
31.07.2011,23:00:00,1727.233,1727.233,1727.233,10.827,-2.443
01.08.2011,00:00:00,1727.239,1727.239,1727.239,10.827,-2.443
01.08.2011,01:00:00,1727.118,1727.118,1727.118,10.827,-2.443
01.08.2011,02:00:00,1727.004,1727.004,1727.005,10.827,-2.443
01.08.2011,03:00:00,1726.967,1726.967,1726.967,10.827,-2.443
01.08.2011,04:00:00,1726.887,1726.887,1726.887,10.827,-2.443
01.08.2011,05:00:00,1726.799,1726.799,1726.799,10.827,-2.443
01.08.2011,06:00:00,1726.709,1726.709,1726.709,10.827,-2.443
01.08.2011,07:00:00,1726.679,1726.679,1726.679,10.827,-2.443
01.08.2011,08:00:00,1726.716,1726.716,1726.716,10.827,-2.443
01.08.2011,09:00:00,1726.948,1726.948,1726.948,10.827,-2.443
01.08.2011,10:00:00,1727.507,1727.507,1727.507,10.827,-2.443
01.08.2011,11:00:00,1727.643,1727.643,1727.643,10.827,-2.443
01.08.2011,12:00:00,1727.903,1727.903,1727.903,10.828,-2.443
01.08.2011,13:00:00,1728.175,1728.175,1728.175,10.828,-2.443
01.08.2011,14:00:00,1728.084,1728.084,1728.084,10.828,-2.443
01.08.2011,15:00:00,1728.106,1728.106,1728.106,10.828,-2.443
01.08.2011,16:00:00,1728.211,1728.211,1728.211,10.828,-2.443
01.08.2011,17:00:00,1728.367,1728.367,1728.367,10.828,-2.443
01.08.2011,18:00:00,1728.471,1728.471,1728.471,10.828,-2.443
01.08.2011,19:00:00,1728.373,1728.373,1728.373,10.828,-2.443
01.08.2011,20:00:00,1728.355,1728.355,1728.356,10.828,-2.443
01.08.2011,21:00:00,1728.240,1728.240,1728.240,10.828,-2.443
01.08.2011,22:00:00,1727.940,1727.940,1727.940,10.827,-2.443
01.08.2011,23:00:00,1727.746,1727.746,1727.746,10.827,-2.443
02.08.2011,00:00:00,1727.628,1727.628,1727.628,10.827,-2.443
02.08.2011,00:01:00,1727.636,1727.637,1727.637,-2.392,-2.443
02.08.2011,00:05:00,1727.618,1727.618,1727.618,-2.392,10.776
02.08.2011,00:07:00,1727.617,1727.617,1727.617,-2.392,-2.443
02.08.2011,00:45:00,1727.619,1727.619,1727.618,-2.392,10.776
02.08.2011,00:46:00,1727.633,1727.633,1727.633,-2.392,-2.443
02.08.2011,00:53:00,1727.634,1727.634,1727.633,-2.392,10.776
02.08.2011,00:54:00,1727.632,1727.632,1727.632,-2.392,-2.443
02.08.2011,00:55:00,1727.632,1727.632,1727.632,-2.392,10.776
02.08.2011,00:56:00,1727.636,1727.636,1727.636,-2.392,-2.443
02.08.2011,00:59:00,1727.628,1727.628,1727.628,-2.392,10.776
02.08.2011,01:00:00,1727.619,1727.619,1727.619,-2.392,-2.443
02.08.2011,01:13:00,1727.615,1727.615,1727.615,-2.392,10.776
02.08.2011,01:14:00,1727.608,1727.608,1727.607,-2.392,-2.443
02.08.2011,01:27:00,1727.608,1727.608,1727.608,-2.392,10.776
02.08.2011,01:28:00,1727.607,1727.607,1727.607,-2.392,-2.443
02.08.2011,02:00:00,1727.600,1727.600,1727.600,-2.392,-2.443
02.08.2011,02:25:00,1727.587,1727.587,1727.587,10.637,-2.443
02.08.2011,02:26:00,1727.590,1727.590,1727.590,-2.392,-2.443
02.08.2011,02:57:00,1727.575,1727.575,1727.575,-2.392,10.776
02.08.2011,02:58:00,1727.561,1727.561,1727.561,-2.392,-2.443
02.08.2011,03:00:00,1727.568,1727.568,1727.568,-2.392,-2.443
02.08.2011,03:13:00,1727.585,1727.584,1727.584,10.637,-2.443
02.08.2011,03:14:00,1727.580,1727.580,1727.580,-2.392,-2.443
02.08.2011,03:22:00,1727.570,1727.571,1727.571,-2.392,10.776
02.08.2011,03:24:00,1727.565,1727.564,1727.565,-2.392,-2.443
02.08.2011,03:38:00,1727.561,1727.561,1727.561,-2.392,10.775
02.08.2011,03:39:00,1727.561,1727.561,1727.561,-2.392,-2.443
02.08.2011,03:49:00,1727.552,1727.552,1727.552,-2.392,10.775
02.08.2011,03:50:00,1727.550,1727.550,1727.550,-2.392,-2.443
02.08.2011,03:53:00,1727.561,1727.561,1727.561,-2.392,10.775
02.08.2011,03:54:00,1727.547,1727.547,1727.547,-2.392,-2.443
02.08.2011,04:00:00,1727.553,1727.553,1727.553,-2.392,-2.443
02.08.2011,04:52:00,1727.506,1727.506,1727.506,10.637,-2.443
02.08.2011,04:53:00,1727.506,1727.506,1727.506,-2.392,-2.443
02.08.2011,05:00:00,1727.484,1727.484,1727.484,-2.392,-2.443
02.08.2011,05:17:00,1727.497,1727.497,1727.497,10.637,-2.443
02.08.2011,05:18:00,1727.503,1727.503,1727.503,-2.392,-2.443
02.08.2011,05:21:00,1727.490,1727.489,1727.489,-2.392,10.775
02.08.2011,05:22:00,1727.489,1727.489,1727.489,-2.392,-2.443
02.08.2011,06:00:00,1727.453,1727.453,1727.453,-2.392,-2.443
02.08.2011,06:05:00,1727.456,1727.456,1727.456,10.637,-2.443
02.08.2011,06:06:00,1727.449,1727.449,1727.449,-2.392,-2.443
02.08.2011,06:10:00,1727.448,1727.448,1727.448,10.637,-2.443
02.08.2011,06:11:00,1727.455,1727.456,1727.456,-2.392,-2.443
02.08.2011,06:20:00,1727.436,1727.436,1727.435,10.637,-2.443
02.08.2011,06:21:00,1727.431,1727.431,1727.431,-2.392,-2.443
02.08.2011,06:37:00,1727.433,1727.433,1727.433,10.637,-2.443
02.08.2011,06:38:00,1727.432,1727.432,1727.432,-2.392,-2.443
02.08.2011,07:00:00,1727.453,1727.453,1727.454,-2.392,-2.443
02.08.2011,08:00:00,1727.419,1727.419,1727.419,-2.392,-2.443
02.08.2011,09:00:00,1727.657,1727.657,1727.657,-2.392,-2.443
02.08.2011,10:00:00,1727.691,1727.691,1727.691,-2.391,-2.443
02.08.2011,11:00:00,1727.941,1727.941,1727.941,-2.391,-2.443
02.08.2011,12:00:00,1727.906,1727.907,1727.907,-2.391,-2.443
02.08.2011,13:00:00,1727.951,1727.951,1727.950,-2.391,-2.443
02.08.2011,14:00:00,1728.023,1728.023,1728.023,-2.391,-2.443
02.08.2011,15:00:00,1728.076,1728.076,1728.076,-2.391,-2.443
02.08.2011,16:00:00,1728.205,1728.205,1728.205,-2.391,-2.443
02.08.2011,17:00:00,1728.427,1728.427,1728.427,-2.391,-2.443
02.08.2011,18:00:00,1728.656,1728.656,1728.656,-2.391,-2.443
02.08.2011,19:00:00,1728.672,1728.672,1728.672,-2.391,-2.443
02.08.2011,20:00:00,1728.529,1728.529,1728.529,-2.391,-2.443
02.08.2011,21:00:00,1728.308,1728.308,1728.308,-2.391,-2.443
02.08.2011,22:00:00,1728.174,1728.174,1728.174,-2.391,-2.443
02.08.2011,23:00:00,1728.076,1728.076,1728.076,-2.391,-2.443
03.08.2011,00:00:00,1728.007,1728.007,1728.007,-2.391,-2.443
03.08.2011,01:00:00,1727.952,1727.952,1727.952,-2.391,-2.443
03.08.2011,02:00:00,1727.845,1727.846,1727.846,-2.391,-2.443
03.08.2011,03:00:00,1727.759,1727.759,1727.759,-2.391,-2.443
03.08.2011,04:00:00,1727.677,1727.677,1727.677,-2.392,-2.443
03.08.2011,05:00:00,1727.650,1727.650,1727.650,-2.392,-2.443
03.08.2011,06:00:00,1727.595,1727.594,1727.594,-2.392,-2.443
03.08.2011,07:00:00,1727.567,1727.567,1727.567,-2.392,-2.443
03.08.2011,08:00:00,1727.564,1727.564,1727.564,-2.392,-2.443
03.08.2011,09:00:00,1727.662,1727.662,1727.662,-2.391,-2.443
03.08.2011,10:00:00,1727.982,1727.982,1727.982,-2.391,-2.443
03.08.2011,11:00:00,1728.101,1728.101,1728.101,-2.391,-2.443
03.08.2011,12:00:00,1728.045,1728.045,1728.045,-2.391,-2.443
03.08.2011,13:00:00,1728.019,1728.019,1728.019,-2.391,-2.443
03.08.2011,14:00:00,1727.896,1727.896,1727.896,-2.391,-2.443
03.08.2011,15:00:00,1728.132,1728.132,1728.132,-2.391,-2.443
03.08.2011,16:00:00,1728.060,1728.060,1728.060,-2.391,-2.443
03.08.2011,17:00:00,1728.157,1728.157,1728.157,-2.391,-2.443
03.08.2011,18:00:00,1728.089,1728.089,1728.089,-2.391,-2.443
03.08.2011,19:00:00,1728.017,1728.017,1728.017,-2.391,-2.443
03.08.2011,20:00:00,1727.924,1727.924,1727.924,-2.391,-2.443
03.08.2011,21:00:00,1727.808,1727.808,1727.808,-2.392,-2.443
03.08.2011,22:00:00,1727.673,1727.672,1727.672,-2.392,-2.443
03.08.2011,23:00:00,1727.636,1727.636,1727.635,-2.392,-2.443
04.08.2011,00:00:00,1727.604,1727.604,1727.604,-2.392,-2.443
04.08.2011,01:00:00,1727.581,1727.581,1727.580,-2.392,-2.443
04.08.2011,02:00:00,1727.557,1727.558,1727.558,-2.392,-2.443
04.08.2011,03:00:00,1727.514,1727.514,1727.514,-2.392,-2.443
04.08.2011,04:00:00,1727.542,1727.542,1727.542,-2.392,-2.444
04.08.2011,05:00:00,1727.527,1727.527,1727.528,-2.392,-2.444
04.08.2011,06:00:00,1727.532,1727.533,1727.533,-2.392,-2.444
04.08.2011,07:00:00,1727.486,1727.486,1727.486,-2.392,-2.444
04.08.2011,08:00:00,1727.482,1727.482,1727.482,-2.392,-2.444
04.08.2011,09:00:00,1727.696,1727.697,1727.697,-2.392,-2.443
04.08.2011,10:00:00,1727.825,1727.825,1727.826,-2.391,-2.443
04.08.2011,11:00:00,1728.000,1728.000,1728.000,-2.391,-2.443
04.08.2011,12:00:00,1727.955,1727.955,1727.955,-2.391,-2.444
04.08.2011,13:00:00,1727.982,1727.983,1727.983,-2.391,-2.444
04.08.2011,14:00:00,1728.090,1728.090,1728.090,-2.391,-2.444
04.08.2011,15:00:00,1728.092,1728.091,1728.091,-2.391,-2.444
04.08.2011,16:00:00,1728.134,1728.134,1728.134,-2.391,-2.444
04.08.2011,17:00:00,1728.279,1728.280,1728.280,-2.391,-2.443
04.08.2011,18:00:00,1728.523,1728.523,1728.523,-2.391,-2.443
04.08.2011,19:00:00,1728.435,1728.435,1728.435,-2.391,-2.443
04.08.2011,20:00:00,1728.322,1728.322,1728.322,-2.391,-2.443
04.08.2011,21:00:00,1728.199,1728.199,1728.199,-2.391,-2.443
04.08.2011,22:00:00,1728.063,1728.063,1728.063,-2.391,-2.444
04.08.2011,23:00:00,1727.963,1727.963,1727.963,-2.392,-2.444
05.08.2011,00:00:00,1727.871,1727.871,1727.871,-2.392,-2.444
05.08.2011,01:00:00,1727.783,1727.783,1727.783,-2.392,-2.444
05.08.2011,02:00:00,1727.741,1727.741,1727.741,-2.392,-2.444
05.08.2011,03:00:00,1727.738,1727.738,1727.737,-2.392,-2.444
05.08.2011,04:00:00,1727.669,1727.669,1727.669,-2.392,-2.444
05.08.2011,05:00:00,1727.662,1727.662,1727.662,-2.392,-2.444
05.08.2011,06:00:00,1727.594,1727.594,1727.594,-2.392,-2.444
05.08.2011,07:00:00,1727.497,1727.497,1727.497,-2.392,-2.444
05.08.2011,08:00:00,1727.481,1727.481,1727.481,-2.392,-2.444
05.08.2011,09:00:00,1727.641,1727.641,1727.642,-2.392,-2.444
05.08.2011,10:00:00,1727.957,1727.957,1727.957,-2.391,-2.444
05.08.2011,11:00:00,1728.265,1728.265,1728.265,-2.391,-2.443
05.08.2011,12:00:00,1728.199,1728.199,1728.199,-2.391,-2.444
05.08.2011,13:00:00,1728.188,1728.188,1728.188,-2.391,-2.444
05.08.2011,14:00:00,1728.202,1728.202,1728.202,-2.391,-2.444
05.08.2011,15:00:00,1728.187,1728.187,1728.187,-2.391,-2.444
05.08.2011,16:00:00,1728.162,1728.162,1728.162,-2.391,-2.444
05.08.2011,17:00:00,1728.164,1728.164,1728.164,-2.391,-2.444
05.08.2011,18:00:00,1728.118,1728.118,1728.118,-2.391,-2.444
05.08.2011,19:00:00,1728.143,1728.143,1728.143,-2.391,-2.444
05.08.2011,20:00:00,1728.171,1728.172,1728.172,-2.391,-2.444
05.08.2011,21:00:00,1727.957,1727.957,1727.957,-2.391,-2.444
05.08.2011,22:00:00,1727.703,1727.703,1727.703,-2.392,-2.444
05.08.2011,23:00:00,1727.614,1727.614,1727.614,-2.392,-2.444
06.08.2011,00:00:00,1727.607,1727.607,1727.607,-2.392,-2.444
06.08.2011,01:00:00,1727.541,1727.542,1727.542,-2.392,-2.444
06.08.2011,02:00:00,1727.501,1727.501,1727.501,-2.392,-2.444
06.08.2011,03:00:00,1727.513,1727.513,1727.513,-2.392,-2.444
06.08.2011,04:00:00,1727.536,1727.536,1727.536,-2.392,-2.444
06.08.2011,05:00:00,1727.577,1727.577,1727.577,-2.392,-2.444
06.08.2011,06:00:00,1727.549,1727.549,1727.550,-2.392,-2.444
06.08.2011,07:00:00,1727.568,1727.568,1727.568,-2.392,-2.444
06.08.2011,08:00:00,1727.647,1727.647,1727.647,-2.392,-2.444
06.08.2011,09:00:00,1727.740,1727.740,1727.740,-2.392,-2.444
06.08.2011,10:00:00,1727.832,1727.832,1727.832,-2.392,-2.444
06.08.2011,11:00:00,1728.025,1728.025,1728.025,-2.391,-2.444
06.08.2011,12:00:00,1728.319,1728.319,1728.319,-2.391,-2.444
06.08.2011,13:00:00,1728.462,1728.462,1728.462,-2.391,-2.444
06.08.2011,14:00:00,1728.470,1728.470,1728.470,-2.391,-2.444
06.08.2011,15:00:00,1728.473,1728.473,1728.473,-2.391,-2.444
06.08.2011,16:00:00,1728.422,1728.422,1728.422,-2.391,-2.444
06.08.2011,17:00:00,1728.330,1728.330,1728.330,-2.391,-2.444
06.08.2011,18:00:00,1728.299,1728.299,1728.299,-2.391,-2.444
06.08.2011,19:00:00,1728.213,1728.213,1728.213,-2.391,-2.444
06.08.2011,20:00:00,1728.105,1728.104,1728.104,-2.391,-2.444
06.08.2011,21:00:00,1728.014,1728.014,1728.014,-2.392,-2.444
06.08.2011,22:00:00,1727.705,1727.705,1727.705,-2.392,-2.444
06.08.2011,23:00:00,1727.566,1727.566,1727.566,-2.392,-2.444
07.08.2011,00:00:00,1727.511,1727.511,1727.511,-2.392,-2.444
07.08.2011,01:00:00,1727.529,1727.529,1727.529,-2.392,-2.444
07.08.2011,02:00:00,1727.546,1727.546,1727.546,-2.392,-2.444
07.08.2011,03:00:00,1727.520,1727.520,1727.520,-2.392,-2.444
07.08.2011,04:00:00,1727.492,1727.492,1727.492,-2.392,-2.444
07.08.2011,05:00:00,1727.500,1727.500,1727.500,-2.392,-2.444
07.08.2011,06:00:00,1727.493,1727.493,1727.493,-2.392,-2.444
07.08.2011,07:00:00,1727.423,1727.423,1727.423,-2.392,-2.444
07.08.2011,08:00:00,1727.415,1727.415,1727.415,-2.392,-2.444
07.08.2011,09:00:00,1727.502,1727.502,1727.502,-2.392,-2.444
07.08.2011,10:00:00,1727.651,1727.651,1727.651,-2.392,-2.444
07.08.2011,11:00:00,1727.984,1727.984,1727.984,-2.392,-2.444
07.08.2011,12:00:00,1728.082,1728.082,1728.082,-2.392,-2.444
07.08.2011,13:00:00,1728.110,1728.111,1728.111,-2.391,-2.444
07.08.2011,14:00:00,1728.096,1728.096,1728.096,-2.391,-2.444
07.08.2011,15:00:00,1728.157,1728.157,1728.157,-2.391,-2.444
07.08.2011,16:00:00,1728.145,1728.145,1728.145,-2.391,-2.444
07.08.2011,17:00:00,1728.208,1728.208,1728.208,-2.391,-2.444
07.08.2011,18:00:00,1728.151,1728.151,1728.151,-2.391,-2.444
07.08.2011,19:00:00,1728.094,1728.094,1728.094,-2.391,-2.444
07.08.2011,20:00:00,1728.039,1728.039,1728.039,-2.391,-2.444
07.08.2011,21:00:00,1727.903,1727.903,1727.903,-2.392,-2.444
07.08.2011,22:00:00,1727.580,1727.580,1727.580,-2.392,-2.444
07.08.2011,23:00:00,1727.500,1727.500,1727.500,-2.392,-2.444
08.08.2011,00:00:00,1727.497,1727.497,1727.497,-2.392,-2.444
08.08.2011,01:00:00,1727.491,1727.491,1727.491,-2.392,-2.444
08.08.2011,02:00:00,1727.482,1727.482,1727.482,-2.392,-2.444
08.08.2011,03:00:00,1727.432,1727.432,1727.431,-2.392,-2.444
08.08.2011,04:00:00,1727.435,1727.435,1727.435,-2.392,-2.444
08.08.2011,05:00:00,1727.385,1727.385,1727.385,-2.392,-2.444
08.08.2011,06:00:00,1727.316,1727.316,1727.316,-2.392,-2.444
08.08.2011,07:00:00,1727.257,1727.257,1727.257,-2.392,-2.444
08.08.2011,08:00:00,1727.245,1727.245,1727.245,-2.392,-2.444
08.08.2011,09:00:00,1727.384,1727.384,1727.384,-2.392,-2.444
08.08.2011,10:00:00,1727.659,1727.659,1727.659,-2.392,-2.444
08.08.2011,11:00:00,1727.769,1727.769,1727.769,-2.391,-2.444
08.08.2011,12:00:00,1727.850,1727.850,1727.850,-2.391,-2.444
08.08.2011,13:00:00,1728.155,1728.155,1728.155,-2.391,-2.444
08.08.2011,14:00:00,1728.253,1728.253,1728.253,-2.391,-2.444
08.08.2011,15:00:00,1728.271,1728.271,1728.271,-2.391,-2.444
08.08.2011,16:00:00,1728.140,1728.140,1728.140,-2.391,-2.444
08.08.2011,17:00:00,1728.077,1728.077,1728.077,-2.391,-2.444
08.08.2011,18:00:00,1727.918,1727.918,1727.918,-2.391,-2.444
08.08.2011,19:00:00,1727.914,1727.913,1727.913,-2.391,-2.444
08.08.2011,20:00:00,1727.685,1727.685,1727.685,-2.392,-2.444
08.08.2011,21:00:00,1727.528,1727.528,1727.528,-2.392,-2.444
08.08.2011,22:00:00,1727.525,1727.525,1727.525,-2.392,-2.444
08.08.2011,23:00:00,1727.495,1727.495,1727.495,-2.392,-2.444
09.08.2011,00:00:00,1727.510,1727.510,1727.510,-2.392,-2.444
09.08.2011,01:00:00,1727.510,1727.510,1727.510,-2.392,-2.444
09.08.2011,02:00:00,1727.541,1727.541,1727.541,-2.392,-2.444
09.08.2011,03:00:00,1727.512,1727.512,1727.512,-2.392,-2.444
09.08.2011,04:00:00,1727.499,1727.499,1727.499,-2.392,-2.444
09.08.2011,05:00:00,1727.509,1727.509,1727.509,-2.392,-2.444
09.08.2011,06:00:00,1727.440,1727.440,1727.440,-2.392,-2.444
09.08.2011,07:00:00,1727.485,1727.485,1727.485,-2.392,-2.444
09.08.2011,08:00:00,1727.431,1727.431,1727.431,-2.392,-2.444
09.08.2011,09:00:00,1727.619,1727.619,1727.619,-2.392,-2.444
09.08.2011,10:00:00,1727.700,1727.700,1727.700,-2.392,-2.444
09.08.2011,11:00:00,1728.029,1728.029,1728.029,-2.391,-2.444
09.08.2011,12:00:00,1728.010,1728.010,1728.010,-2.391,-2.444
09.08.2011,13:00:00,1728.232,1728.232,1728.232,-2.391,-2.444
09.08.2011,14:00:00,1728.203,1728.203,1728.203,-2.391,-2.444
09.08.2011,15:00:00,1728.196,1728.196,1728.196,-2.391,-2.444
09.08.2011,16:00:00,1727.979,1727.979,1727.979,-2.391,-2.444
09.08.2011,17:00:00,1727.788,1727.788,1727.788,-2.392,-2.444
09.08.2011,18:00:00,1727.687,1727.687,1727.687,-2.392,-2.444
09.08.2011,19:00:00,1727.663,1727.663,1727.663,-2.392,-2.444
09.08.2011,20:00:00,1727.507,1727.507,1727.507,-2.392,-2.444
09.08.2011,21:00:00,1727.535,1727.535,1727.536,-2.392,-2.444
09.08.2011,22:00:00,1727.412,1727.412,1727.412,-2.392,-2.444
09.08.2011,23:00:00,1727.420,1727.420,1727.420,-2.392,-2.444
10.08.2011,00:00:00,1727.391,1727.391,1727.390,-2.392,-2.444
10.08.2011,01:00:00,1727.381,1727.381,1727.381,-2.392,-2.444
10.08.2011,02:00:00,1727.382,1727.383,1727.383,-2.392,-2.444
10.08.2011,03:00:00,1727.335,1727.335,1727.335,-2.392,-2.444
10.08.2011,04:00:00,1727.291,1727.291,1727.291,-2.392,-2.444
10.08.2011,05:00:00,1727.233,1727.233,1727.233,-2.392,-2.444
10.08.2011,06:00:00,1727.187,1727.187,1727.187,-2.392,-2.444
10.08.2011,07:00:00,1727.157,1727.157,1727.156,-2.392,-2.444
10.08.2011,08:00:00,1727.107,1727.107,1727.107,-2.392,-2.444
10.08.2011,09:00:00,1727.235,1727.235,1727.235,-2.392,-2.444
10.08.2011,10:00:00,1727.514,1727.514,1727.515,-2.391,-2.444
10.08.2011,11:00:00,1727.707,1727.707,1727.707,-2.391,-2.444
10.08.2011,12:00:00,1727.814,1727.814,1727.814,-2.391,-2.444
10.08.2011,13:00:00,1727.901,1727.901,1727.901,-2.391,-2.443
10.08.2011,14:00:00,1727.963,1727.963,1727.963,-2.391,-2.443
10.08.2011,15:00:00,1728.026,1728.026,1728.026,-2.391,-2.443
10.08.2011,16:00:00,1728.095,1728.095,1728.095,-2.391,-2.443
10.08.2011,17:00:00,1728.280,1728.280,1728.280,-2.391,-2.443
10.08.2011,18:00:00,1728.367,1728.367,1728.367,-2.391,-2.443
10.08.2011,19:00:00,1728.225,1728.225,1728.225,-2.391,-2.443
10.08.2011,20:00:00,1728.060,1728.060,1728.060,-2.391,-2.443
10.08.2011,21:00:00,1727.809,1727.809,1727.809,-2.391,-2.443
10.08.2011,22:00:00,1727.609,1727.609,1727.609,-2.392,-2.443
10.08.2011,23:00:00,1727.558,1727.558,1727.558,-2.392,-2.443
11.08.2011,00:00:00,1727.607,1727.607,1727.607,-2.392,-2.443
11.08.2011,01:00:00,1727.595,1727.595,1727.595,-2.392,-2.443
11.08.2011,02:00:00,1727.593,1727.593,1727.593,-2.392,-2.443
11.08.2011,03:00:00,1727.617,1727.617,1727.617,-2.392,-2.443
11.08.2011,04:00:00,1727.575,1727.575,1727.575,-2.392,-2.443
11.08.2011,05:00:00,1727.534,1727.535,1727.535,-2.392,-2.443
11.08.2011,06:00:00,1727.500,1727.500,1727.500,-2.392,-2.444
11.08.2011,07:00:00,1727.476,1727.476,1727.477,-2.392,-2.444
11.08.2011,08:00:00,1727.501,1727.501,1727.501,-2.392,-2.443
11.08.2011,09:00:00,1727.541,1727.541,1727.541,-2.392,-2.443
11.08.2011,10:00:00,1727.761,1727.761,1727.761,-2.391,-2.443
11.08.2011,11:00:00,1727.769,1727.769,1727.769,-2.391,-2.443
11.08.2011,12:00:00,1728.158,1728.158,1728.158,-2.391,-2.443
11.08.2011,13:00:00,1728.347,1728.347,1728.347,-2.391,-2.443
11.08.2011,14:00:00,1728.358,1728.358,1728.358,-2.391,-2.443
11.08.2011,15:00:00,1728.362,1728.362,1728.362,-2.391,-2.443
11.08.2011,16:00:00,1728.405,1728.405,1728.405,-2.391,-2.443
11.08.2011,17:00:00,1728.342,1728.343,1728.343,-2.391,-2.443
11.08.2011,18:00:00,1728.405,1728.405,1728.405,-2.391,-2.443
11.08.2011,19:00:00,1728.399,1728.399,1728.399,-2.391,-2.443
12.08.2011,08:17:00,1697.733,1695.985,1681.416,-2.391,-2.443
12.08.2011,09:00:00,1728.110,1728.110,1728.110,-2.391,-2.443
12.08.2011,10:00:00,1728.174,1728.174,1728.174,-2.391,-2.443
12.08.2011,11:00:00,1728.244,1728.244,1728.244,-2.391,-2.443
12.08.2011,11:49:00,1728.309,1728.309,1728.309,-15.607,-15.637
12.08.2011,11:52:00,1728.311,1728.311,1728.310,-15.607,-2.422
12.08.2011,12:00:00,1728.320,1728.320,1728.320,-15.607,-15.637
12.08.2011,13:00:00,1728.364,1728.364,1728.363,-15.607,-15.637
12.08.2011,14:31:00,1720.227,1704.081,1702.047,-15.607,-15.637
12.08.2011,15:00:00,1728.393,1728.393,1728.393,-15.607,-15.637
12.08.2011,16:00:00,1728.148,1728.148,1728.148,-15.607,-15.637
12.08.2011,17:00:00,1728.196,1728.196,1728.196,-15.607,-15.637
12.08.2011,18:00:00,1728.224,1728.224,1728.224,-15.607,-15.637
12.08.2011,19:00:00,1728.152,1728.152,1728.152,-15.607,-15.637
12.08.2011,20:00:00,1728.079,1728.079,1728.079,-15.607,-15.637
12.08.2011,21:00:00,1727.978,1727.978,1727.978,-15.607,-15.637
12.08.2011,22:00:00,1727.962,1727.962,1727.962,-15.607,-15.637
12.08.2011,23:00:00,1727.965,1727.964,1727.964,-15.607,-15.637
13.08.2011,00:00:00,1727.949,1727.949,1727.949,-15.607,-15.637
13.08.2011,01:00:00,1727.956,1727.956,1727.956,-15.607,-15.637
13.08.2011,02:00:00,1727.990,1727.990,1727.990,-15.607,-15.637
13.08.2011,03:00:00,1728.002,1728.002,1728.002,-15.607,-15.637
13.08.2011,04:00:00,1728.011,1728.010,1728.010,-15.607,-15.637
13.08.2011,05:00:00,1728.009,1728.009,1728.009,-15.607,-15.637
13.08.2011,06:00:00,1728.018,1728.018,1728.018,-15.607,-15.637
13.08.2011,07:00:00,1728.029,1728.029,1728.029,-15.607,-15.637
13.08.2011,08:00:00,1728.058,1728.058,1728.058,-15.607,-15.637
13.08.2011,09:00:00,1728.066,1728.066,1728.066,-15.607,-15.637
13.08.2011,10:00:00,1728.134,1728.134,1728.134,-15.607,-15.637
13.08.2011,11:00:00,1728.233,1728.234,1728.234,-15.607,-15.637
13.08.2011,12:00:00,1728.153,1728.153,1728.153,-15.607,-15.637
13.08.2011,13:00:00,1728.095,1728.095,1728.095,-15.607,-15.638
13.08.2011,14:00:00,1728.061,1728.063,1728.063,-15.607,-15.638
13.08.2011,15:00:00,1728.039,1728.039,1728.039,-15.607,-15.638
13.08.2011,16:00:00,1727.989,1727.989,1727.989,-15.607,-15.638
13.08.2011,17:00:00,1727.967,1727.967,1727.967,-15.607,-15.638
13.08.2011,18:00:00,1727.983,1727.983,1727.983,-15.607,-15.638
13.08.2011,19:00:00,1727.949,1727.949,1727.949,-15.607,-15.638
13.08.2011,20:00:00,1727.932,1727.932,1727.932,-15.607,-15.638
13.08.2011,21:00:00,1727.903,1727.902,1727.902,-15.607,-15.638
13.08.2011,22:00:00,1727.906,1727.906,1727.906,-15.607,-15.638
13.08.2011,23:00:00,1727.911,1727.911,1727.911,-15.607,-15.638
14.08.2011,00:00:00,1727.908,1727.908,1727.908,-15.607,-15.638
14.08.2011,01:00:00,1727.928,1727.928,1727.928,-15.607,-15.638
14.08.2011,02:00:00,1727.928,1727.928,1727.928,-15.607,-15.638
14.08.2011,03:00:00,1727.985,1727.985,1727.985,-15.607,-15.638
14.08.2011,04:00:00,1727.970,1727.970,1727.970,-15.607,-15.638
14.08.2011,05:00:00,1727.959,1727.959,1727.959,-15.607,-15.638
14.08.2011,06:00:00,1727.992,1727.992,1727.992,-15.607,-15.638
14.08.2011,07:00:00,1728.034,1728.034,1728.034,-15.607,-15.638
14.08.2011,08:00:00,1728.038,1728.038,1728.038,-15.607,-15.638
14.08.2011,09:00:00,1728.049,1728.049,1728.049,-15.607,-15.638
14.08.2011,10:00:00,1728.099,1728.099,1728.099,-15.607,-15.638
14.08.2011,11:00:00,1728.158,1728.158,1728.159,-15.607,-15.638
14.08.2011,12:00:00,1728.209,1728.209,1728.209,-15.607,-15.638
14.08.2011,13:00:00,1728.232,1728.232,1728.232,-15.607,-15.638
14.08.2011,14:00:00,1728.238,1728.238,1728.238,-15.607,-15.638
14.08.2011,15:00:00,1728.275,1728.275,1728.275,-15.607,-15.638
14.08.2011,16:00:00,1728.248,1728.248,1728.248,-15.607,-15.638
14.08.2011,17:00:00,1728.232,1728.232,1728.232,-15.607,-15.638
14.08.2011,18:00:00,1728.280,1728.280,1728.281,-15.607,-15.638
14.08.2011,19:00:00,1728.454,1728.454,1728.455,-15.607,-15.638
14.08.2011,20:00:00,1728.334,1728.334,1728.334,-15.607,-15.638
14.08.2011,21:00:00,1728.126,1728.126,1728.126,-15.607,-15.638
14.08.2011,22:00:00,1728.067,1728.067,1728.067,-15.607,-15.638
14.08.2011,23:00:00,1728.009,1728.009,1728.009,-15.607,-15.638
15.08.2011,00:00:00,1727.945,1727.945,1727.945,-15.607,-15.638
15.08.2011,01:00:00,1727.926,1727.926,1727.926,-15.607,-15.638
15.08.2011,02:00:00,1727.936,1727.936,1727.936,-15.607,-15.638
15.08.2011,03:00:00,1727.922,1727.922,1727.922,-15.607,-15.638
15.08.2011,04:00:00,1727.948,1727.948,1727.948,-15.607,-15.638
15.08.2011,05:00:00,1727.936,1727.936,1727.936,-15.607,-15.638
15.08.2011,06:00:00,1727.909,1727.909,1727.909,-15.607,-15.638
15.08.2011,07:00:00,1727.925,1727.925,1727.925,-15.607,-15.638
15.08.2011,08:00:00,1727.879,1727.879,1727.879,-15.607,-15.638
15.08.2011,09:00:00,1727.980,1727.980,1727.980,-15.607,-15.638
15.08.2011,10:00:00,1727.865,1727.864,1727.864,-15.607,-15.638
15.08.2011,11:00:00,1727.858,1727.858,1727.858,-15.607,-15.638
15.08.2011,12:00:00,1727.994,1727.994,1727.994,-15.607,-15.638
15.08.2011,13:00:00,1728.213,1728.213,1728.213,-15.607,-15.638
15.08.2011,14:00:00,1728.328,1728.328,1728.328,-15.607,-15.638
15.08.2011,15:00:00,1728.335,1728.335,1728.335,-15.607,-15.638
15.08.2011,16:00:00,1728.400,1728.400,1728.400,-15.607,-15.638
15.08.2011,17:00:00,1728.409,1728.409,1728.409,-15.607,-15.638
15.08.2011,18:00:00,1727.996,1727.996,1727.996,-15.607,-15.638
15.08.2011,19:00:00,1728.011,1728.012,1728.012,-15.607,-15.638
15.08.2011,20:00:00,1728.106,1728.106,1728.106,-15.607,-15.638
15.08.2011,21:00:00,1728.019,1728.019,1728.019,-15.607,-15.638
15.08.2011,22:00:00,1727.924,1727.924,1727.924,-15.607,-15.638
15.08.2011,23:00:00,1727.925,1727.925,1727.925,-15.607,-15.638
16.08.2011,00:00:00,1727.930,1727.930,1727.930,-15.607,-15.638
16.08.2011,01:00:00,1727.899,1727.899,1727.899,-15.607,-15.638
16.08.2011,02:00:00,1727.886,1727.886,1727.886,-15.607,-15.638
16.08.2011,03:00:00,1727.876,1727.876,1727.876,-15.607,-15.638
16.08.2011,04:00:00,1727.867,1727.867,1727.867,-15.607,-15.638
16.08.2011,05:00:00,1727.873,1727.873,1727.873,-15.607,-15.638
16.08.2011,06:00:00,1727.837,1727.837,1727.837,-15.607,-15.638
16.08.2011,07:00:00,1727.827,1727.827,1727.827,-15.607,-15.638
16.08.2011,08:00:00,1727.805,1727.805,1727.805,-15.607,-15.638
16.08.2011,09:00:00,1727.908,1727.908,1727.908,-15.607,-15.638
16.08.2011,10:00:00,1728.117,1728.116,1728.116,-15.607,-15.638
16.08.2011,11:00:00,1728.203,1728.203,1728.203,-15.607,-15.638
16.08.2011,12:00:00,1728.167,1728.168,1728.168,-15.607,-15.638
16.08.2011,13:00:00,1728.147,1728.147,1728.147,-15.607,-15.638
16.08.2011,14:00:00,1728.180,1728.180,1728.180,-15.607,-15.638
16.08.2011,15:00:00,1728.150,1728.150,1728.150,-15.607,-15.638
16.08.2011,16:00:00,1728.135,1728.135,1728.135,-15.607,-15.638
16.08.2011,17:00:00,1728.218,1728.218,1728.218,-15.607,-15.638
16.08.2011,18:00:00,1728.098,1728.098,1728.098,-15.607,-15.638
16.08.2011,19:00:00,1728.205,1728.205,1728.205,-15.607,-15.638
16.08.2011,20:00:00,1728.257,1728.258,1728.258,-15.607,-15.638
16.08.2011,21:00:00,1728.115,1728.115,1728.115,-15.607,-15.638
16.08.2011,22:00:00,1728.054,1728.054,1728.054,-15.607,-15.638
16.08.2011,23:00:00,1728.060,1728.060,1728.060,-15.607,-15.638
17.08.2011,00:00:00,1728.022,1728.022,1728.022,-15.607,-15.638
17.08.2011,01:00:00,1727.953,1727.953,1727.953,-15.607,-15.638
17.08.2011,02:00:00,1727.935,1727.935,1727.935,-15.607,-15.638
17.08.2011,03:00:00,1727.930,1727.930,1727.930,-15.607,-15.638
17.08.2011,04:00:00,1727.899,1727.899,1727.899,-15.607,-15.638
17.08.2011,05:00:00,1727.859,1727.859,1727.859,-15.607,-15.638
17.08.2011,06:00:00,1727.839,1727.839,1727.839,-15.607,-15.638
17.08.2011,07:00:00,1727.842,1727.842,1727.842,-15.607,-15.638
17.08.2011,08:00:00,1727.865,1727.865,1727.866,-15.607,-15.638
17.08.2011,09:00:00,1728.117,1728.117,1728.117,-15.607,-15.638
17.08.2011,10:00:00,1728.195,1728.195,1728.195,-15.607,-15.638
17.08.2011,11:00:00,1728.053,1728.053,1728.053,-15.607,-15.638
17.08.2011,12:00:00,1728.121,1728.121,1728.121,-15.607,-15.638
17.08.2011,13:00:00,1728.321,1728.321,1728.321,-15.607,-15.638
17.08.2011,14:00:00,1728.450,1728.450,1728.450,-15.607,-15.638
17.08.2011,15:00:00,1728.589,1728.589,1728.589,-15.607,-15.638
17.08.2011,16:00:00,1728.635,1728.635,1728.635,-15.607,-15.638
17.08.2011,17:00:00,1728.544,1728.544,1728.544,-15.607,-15.638
17.08.2011,18:00:00,1728.462,1728.462,1728.462,-15.607,-15.638
17.08.2011,19:00:00,1728.162,1728.162,1728.162,-15.607,-15.638
17.08.2011,20:00:00,1727.879,1727.879,1727.879,-15.607,-15.638
17.08.2011,21:00:00,1727.733,1727.733,1727.733,-15.607,-15.638
17.08.2011,22:00:00,1727.708,1727.708,1727.708,-15.607,-15.638
17.08.2011,23:00:00,1727.810,1727.810,1727.809,-15.607,-15.638
18.08.2011,00:00:00,1727.901,1727.901,1727.901,-15.607,-15.638
18.08.2011,01:00:00,1727.902,1727.902,1727.902,-15.607,-15.638
18.08.2011,02:00:00,1727.937,1727.937,1727.937,-15.607,-15.638
18.08.2011,03:00:00,1727.959,1727.959,1727.959,-15.607,-15.638
18.08.2011,04:00:00,1727.985,1727.985,1727.985,-15.607,-15.638
18.08.2011,05:00:00,1727.994,1727.994,1727.994,-15.607,-15.638
18.08.2011,06:00:00,1727.930,1727.930,1727.930,-15.607,-15.638
18.08.2011,07:00:00,1727.914,1727.914,1727.914,-15.607,-15.638
18.08.2011,08:00:00,1727.942,1727.942,1727.942,-15.607,-15.638
18.08.2011,09:00:00,1728.190,1728.190,1728.190,-15.607,-15.638
18.08.2011,10:00:00,1728.088,1728.088,1728.088,-15.607,-15.638
18.08.2011,11:00:00,1728.168,1728.168,1728.168,-15.607,-15.638
18.08.2011,12:00:00,1728.442,1728.442,1728.442,-15.607,-15.638
18.08.2011,13:00:00,1728.724,1728.724,1728.724,-15.607,-15.638
18.08.2011,14:00:00,1728.957,1728.957,1728.957,-15.607,-15.638
18.08.2011,15:00:00,1728.913,1728.913,1728.913,-15.607,-15.638
18.08.2011,16:00:00,1728.905,1728.905,1728.905,-15.607,-15.638
18.08.2011,17:00:00,1729.065,1729.065,1729.065,-15.607,-15.638
18.08.2011,18:00:00,1728.938,1728.938,1728.938,-15.607,-15.638
18.08.2011,19:00:00,1728.680,1728.680,1728.680,-15.607,-15.638
18.08.2011,20:00:00,1728.379,1728.378,1728.379,-15.607,-15.638
18.08.2011,21:00:00,1728.053,1728.053,1728.053,-15.607,-15.638
18.08.2011,22:00:00,1727.851,1727.851,1727.851,-15.607,-15.638
18.08.2011,23:00:00,1727.904,1727.904,1727.904,-15.607,-15.638
19.08.2011,00:00:00,1727.756,1727.756,1727.756,-15.607,-15.638
19.08.2011,01:00:00,1727.795,1727.795,1727.795,-15.607,-15.638
19.08.2011,02:00:00,1727.819,1727.819,1727.819,-15.607,-15.638
19.08.2011,03:00:00,1727.829,1727.829,1727.829,-15.607,-15.638
19.08.2011,04:00:00,1727.857,1727.857,1727.857,-15.607,-15.638
19.08.2011,05:00:00,1727.873,1727.873,1727.872,-15.607,-15.638
19.08.2011,06:00:00,1727.854,1727.854,1727.854,-15.607,-15.638
19.08.2011,07:00:00,1727.875,1727.875,1727.875,-15.607,-15.638
19.08.2011,08:00:00,1727.852,1727.852,1727.852,-15.607,-15.638
19.08.2011,09:00:00,1727.920,1727.920,1727.920,-15.607,-15.638
19.08.2011,10:00:00,1727.971,1727.971,1727.970,-15.607,-15.638
19.08.2011,11:00:00,1728.084,1728.084,1728.084,-15.607,-15.638
19.08.2011,12:00:00,1728.283,1728.282,1728.282,-15.607,-15.638
19.08.2011,13:00:00,1728.516,1728.516,1728.516,-15.607,-15.638
19.08.2011,14:00:00,1728.685,1728.685,1728.685,-15.607,-15.638
19.08.2011,15:00:00,1728.768,1728.768,1728.768,-15.607,-15.638
19.08.2011,16:00:00,1728.832,1728.832,1728.832,-15.607,-15.638
19.08.2011,17:00:00,1728.703,1728.703,1728.703,-15.607,-15.638
19.08.2011,18:00:00,1728.624,1728.624,1728.624,-15.607,-15.638
19.08.2011,19:00:00,1728.481,1728.481,1728.481,-15.607,-15.638
19.08.2011,20:00:00,1728.320,1728.320,1728.320,-15.607,-15.638
19.08.2011,21:00:00,1727.995,1727.995,1727.995,-15.607,-15.638
19.08.2011,22:00:00,1727.861,1727.861,1727.861,-15.607,-15.638
19.08.2011,23:00:00,1727.923,1727.923,1727.923,-15.607,-15.638
20.08.2011,00:00:00,1727.997,1727.997,1727.997,-15.607,-15.638
20.08.2011,01:00:00,1728.051,1728.051,1728.051,-15.607,-15.638
20.08.2011,02:00:00,1728.062,1728.062,1728.062,-15.607,-15.638
20.08.2011,03:00:00,1728.062,1728.062,1728.062,-15.607,-15.638
20.08.2011,04:00:00,1728.045,1728.045,1728.045,-15.607,-15.638
20.08.2011,05:00:00,1728.045,1728.045,1728.045,-15.607,-15.638
20.08.2011,06:00:00,1728.091,1728.091,1728.091,-15.607,-15.638
20.08.2011,07:00:00,1728.083,1728.083,1728.083,-15.607,-15.638
20.08.2011,08:00:00,1728.120,1728.120,1728.120,-15.607,-15.638
20.08.2011,09:00:00,1728.125,1728.125,1728.125,-15.607,-15.638
20.08.2011,10:00:00,1728.043,1728.043,1728.043,-15.607,-15.638
20.08.2011,11:00:00,1727.993,1727.993,1727.993,-15.607,-15.638
20.08.2011,12:00:00,1728.154,1728.154,1728.154,-15.607,-15.638
20.08.2011,13:00:00,1728.387,1728.387,1728.387,-15.607,-15.638
20.08.2011,14:00:00,1728.533,1728.533,1728.533,-15.607,-15.638
20.08.2011,15:00:00,1728.610,1728.610,1728.610,-15.607,-15.638
20.08.2011,16:00:00,1728.651,1728.651,1728.651,-15.607,-15.638
20.08.2011,17:00:00,1728.744,1728.744,1728.744,-15.607,-15.638
20.08.2011,18:00:00,1728.891,1728.891,1728.891,-15.607,-15.638
20.08.2011,19:00:00,1728.879,1728.879,1728.879,-15.607,-15.638
20.08.2011,20:00:00,1728.770,1728.770,1728.770,-15.607,-15.638
20.08.2011,21:00:00,1728.530,1728.530,1728.530,-15.607,-15.638
20.08.2011,22:00:00,1728.246,1728.246,1728.246,-15.607,-15.638
20.08.2011,23:00:00,1728.034,1728.034,1728.034,-15.607,-15.638
21.08.2011,00:00:00,1727.798,1727.798,1727.798,-15.607,-15.638
21.08.2011,01:00:00,1727.700,1727.700,1727.700,-15.607,-15.638
21.08.2011,02:00:00,1727.776,1727.776,1727.776,-15.607,-15.638
21.08.2011,03:00:00,1727.892,1727.892,1727.892,-15.607,-15.638
21.08.2011,04:00:00,1727.950,1727.950,1727.950,-15.607,-15.638
21.08.2011,05:00:00,1727.992,1727.992,1727.992,-15.607,-15.638
21.08.2011,06:00:00,1728.053,1728.053,1728.053,-15.607,-15.638
21.08.2011,07:00:00,1728.063,1728.063,1728.063,-15.607,-15.638
21.08.2011,08:00:00,1728.115,1728.115,1728.115,-15.607,-15.638
21.08.2011,09:00:00,1728.118,1728.118,1728.118,-15.607,-15.638
21.08.2011,10:00:00,1728.191,1728.191,1728.191,-15.607,-15.638
21.08.2011,11:00:00,1728.318,1728.318,1728.318,-15.607,-15.638
21.08.2011,12:00:00,1728.374,1728.374,1728.374,-15.607,-15.638
21.08.2011,13:00:00,1728.534,1728.534,1728.534,-15.607,-15.638
21.08.2011,14:00:00,1728.833,1728.833,1728.833,-15.607,-15.638
21.08.2011,15:00:00,1729.125,1729.125,1729.125,-15.607,-15.638
21.08.2011,16:00:00,1729.228,1729.228,1729.228,-15.607,-15.638
21.08.2011,17:00:00,1729.113,1729.113,1729.113,-15.607,-15.638
21.08.2011,18:00:00,1729.128,1729.128,1729.128,-15.607,-15.638
21.08.2011,19:00:00,1729.135,1729.135,1729.135,-15.607,-15.638
21.08.2011,20:00:00,1729.139,1729.139,1729.139,-15.607,-15.638
21.08.2011,21:00:00,1729.026,1729.026,1729.026,-15.607,-15.638
21.08.2011,22:00:00,1728.855,1728.855,1728.855,-15.607,-15.638
21.08.2011,23:00:00,1728.702,1728.702,1728.703,-15.607,-15.638
22.08.2011,00:00:00,1728.614,1728.614,1728.614,-15.607,-15.638
22.08.2011,01:00:00,1728.470,1728.470,1728.470,-15.607,-15.638
22.08.2011,02:00:00,1728.290,1728.290,1728.290,-15.607,-15.638
22.08.2011,03:00:00,1728.144,1728.144,1728.144,-15.607,-15.638
22.08.2011,04:00:00,1728.002,1728.002,1728.002,-15.607,-15.638
22.08.2011,05:00:00,1727.884,1727.884,1727.884,-15.607,-15.638
22.08.2011,06:00:00,1727.808,1727.808,1727.808,-15.607,-15.638
22.08.2011,07:00:00,1727.815,1727.815,1727.814,-15.607,-15.638
22.08.2011,08:00:00,1727.825,1727.825,1727.825,-15.607,-15.638
22.08.2011,09:00:00,1728.029,1728.029,1728.029,-15.607,-15.638
22.08.2011,10:00:00,1728.225,1728.225,1728.225,-15.607,-15.638
