13.06.2013,02:10:02,2.01,12.0101,13.02,11.0202,10.03,4.0303,4.04,4.0404,1.05,4.0505,6.06,4.0609,7.07,4.0707,8.08,4.0808,9.09,4.0909,10.10,4.1010,11.11,4.1111
13.06.2013,04:20:15,1.31,10.0101,2.02,4.0204,3.03,4.0303,4.04,4.0404,5.05,4.0505,6.06,4.0602,7.07,4.0707,8.08,4.0808,9.09,4.0909,12.10,4.1010,11.11,4.1111,12.22,4.111
13.06.2013,07:22:12,2.21,10.0101,2.02,2.0205,3.03,4.0106,4.04,4.0408,6.05,4.0605,6.06,4.0502,7.07,4.0702,8.08,4.0801,9.09,4.0209,10.10,4.1060,11.11,4.1117,12.21,4.12
13.06.2013,10:55:12,2.21,10.0101,2.02,3.0205,3.03,4.0106,4.04,4.0408,5.05,4.0605,6.06,4.0502,7.07,4.0702,8.08,4.0801,9.09,4.0209,10.10,4.1060,11.11,4.1117,11.21,4.12
13.06.2013,15:20:02,17.01,10.0101,13.02,11.0202,10.03,4.0303,4.04,4.0404,1.05,4.0505,6.06,4.0609,7.07,4.0707,8.08,4.0808,9.09,4.0909,10.10,4.1010,11.11,4.1111
14.06.2013,03:20:15,1.31,10.0101,2.02,4.0204,3.03,4.0303,4.04,4.0404,5.05,4.0505,6.06,4.0602,7.07,4.0707,8.08,4.0808,9.09,4.0909,10.10,4.1010,11.11,4.1111,12.22,4.111
14.06.2013,05:22:12,2.21,10.0101,2.02,2.0205,3.03,4.0106,4.04,4.0408,6.05,4.0605,6.06,4.0502,7.07,4.0702,8.08,4.0801,9.09,4.0209,10.10,4.1060,11.11,4.1117,12.21,4.12
14.06.2013,11:55:12,2.21,10.0101,2.02,3.0205,3.03,4.0106,4.04,4.0408,5.05,4.0605,6.06,4.0502,7.07,4.0702,8.08,4.0801,10.09,4.0209,10.10,4.1060,11.11,4.1117,11.21,4.12
15.06.2013,10:20:02,17.01,10.0101,13.02,11.0202,10.03,4.0303,4.04,4.0404,1.05,4.0505,6.06,4.0609,7.07,4.0707,8.08,4.0808,9.09,4.0909,10.10,4.1010,11.11,4.1111
16.06.2013,10:20:15,1.31,10.0101,2.02,4.0204,3.03,4.0303,4.04,4.0404,5.05,4.0505,6.06,4.0602,7.07,4.0707,8.08,4.0808,9.09,4.0909,10.10,4.1010,11.11,4.1111,12.22,4.111
18.06.2013,10:22:12,2.21,10.0101,2.02,2.0205,3.03,4.0106,4.04,4.0408,6.05,4.0605,6.06,4.0502,7.07,4.0702,8.08,4.0801,9.09,4.0209,10.10,4.1060,11.11,4.1117,12.21,4.12
19.06.2013,10:55:12,2.21,10.0101,2.02,3.0205,3.03,4.0106,4.04,4.0408,5.05,4.0605,6.06,4.0502,7.07,4.0702,8.08,4.0801,9.09,4.0209,10.10,4.1060,11.11,4.1117,11.21,4.12
20.06.2013,10:20:02,17.01,10.0101,13.02,11.0202,10.03,4.0303,4.04,4.0404,1.05,4.0505,6.06,4.0609,7.07,4.0707,8.08,4.0808,9.09,4.0909,10.10,4.1010,11.11,4.1111
21.06.2013,10:20:15,1.31,10.0101,2.02,4.0204,3.03,4.0303,4.04,4.0404,5.05,4.0505,6.06,4.0602,7.07,4.0707,8.08,4.0808,9.09,4.0909,10.10,4.1010,11.11,4.1111,12.22,4.111
22.06.2013,10:22:12,2.21,10.2101,2.02,2.0205,3.03,4.0106,4.04,4.0408,6.05,4.0605,6.06,4.0502,7.07,4.0702,8.08,4.0801,9.09,4.0209,10.10,4.1060,11.11,4.1117,12.21,4.12
22.06.2013,11:55:12,2.21,10.0101,2.02,3.0205,3.03,4.0106,4.04,4.0408,5.05,4.0605,6.06,4.0502,7.07,4.0702,8.08,4.0801,9.09,4.0209,10.10,4.1060,11.11,4.1117,11.21,4.12
23.06.2013,01:20:02,17.01,10.0101,13.02,11.0202,10.03,4.0303,4.04,4.0404,1.05,4.0505,6.06,4.0609,7.07,4.0707,8.08,4.0808,9.09,4.0909,10.10,4.1010,11.11,4.1111
23.06.2013,11:20:15,1.31,10.0101,2.02,4.0204,3.03,4.0303,4.04,4.0404,5.05,4.0505,6.06,4.0602,7.07,4.0707,8.08,4.0808,7.09,4.0909,10.10,4.1010,11.11,4.1111,12.22,4.111
24.06.2013,10:22:12,2.21,10.0101,2.02,2.0205,3.03,4.0106,4.04,4.0408,6.05,4.0605,6.06,4.0502,7.07,4.0702,8.08,4.0801,9.09,4.0209,10.10,4.1060,11.11,4.1117,12.21,4.12
25.06.2013,10:55:12,2.21,10.0101,2.02,3.0205,3.03,4.0106,4.04,4.0408,5.05,4.0605,6.06,4.0502,7.07,4.0702,8.08,4.0801,9.09,4.0209,10.10,4.1060,11.11,4.1117,11.21,4.12
26.06.2013,10:20:02,17.01,10.0101,13.02,11.0202,10.03,4.0303,4.04,4.0404,1.05,4.0505,6.06,4.0609,7.07,4.0707,8.08,4.0808,9.09,4.0909,10.10,4.1010,11.11,4.1111
27.06.2013,03:20:15,1.31,10.0101,2.02,4.0204,3.03,4.0303,4.04,4.0404,5.05,4.0505,6.06,4.0602,7.07,4.0707,8.08,4.0808,9.09,4.0909,10.10,4.1010,11.11,4.1111,12.22,4.111
27.06.2013,11:22:12,26.21,10.0101,2.02,2.0205,3.03,4.0106,4.04,4.0408,6.05,4.0605,6.06,4.0502,7.07,4.0702,8.08,4.0801,9.09,4.0209,10.10,4.1060,11.11,4.1117,12.21,4.12
28.06.2013,10:55:12,2.21,10.0101,2.02,3.0205,3.03,4.0106,4.04,4.0408,5.05,4.0605,6.06,4.0502,7.07,4.0702,8.08,4.0801,9.09,4.0209,10.10,4.1060,11.11,4.1117,11.21,4.12
29.06.2013,10:20:02,17.01,10.0101,13.02,11.0202,10.03,4.0303,4.04,4.0404,1.05,4.0505,6.06,4.0609,7.07,4.0707,8.08,4.0808,9.09,4.0909,10.10,4.1010,11.11,4.1111
30.06.2013,11:20:15,1.31,10.0101,2.02,4.0204,3.03,4.0303,4.04,4.0404,5.05,4.0505,6.06,4.0602,7.07,4.0707,8.08,4.0808,9.09,4.0909,10.10,4.1010,11.11,4.1111,12.22,4.111
02.07.2013,10:22:12,11.24,10.5101,2.02,2.0205,3.03,4.0106,4.04,4.0408,6.05,4.0605,6.06,4.0502,7.07,4.0702,8.08,4.0801,9.09,4.0209,10.10,4.1060,11.11,4.1117,12.21,4.12
03.07.2013,20:55:12,55.21,10.0101,2.02,3.0205,3.03,4.0106,4.04,4.0408,5.05,4.0605,6.06,4.0502,7.07,4.0702,8.08,4.0801,9.09,4.0209,10.10,4.1060,11.11,4.1117,11.21,4.12
